timestamp[us],anchor_id,nlos,distance[m],azimuth[degrees],elevation[degrees]
10810928,0,0,3.06,2.117,-22.38
10810958,1,1,2.94,60,48
10810958,2,1,3.15,-24.56,16.43
10810958,3,0,3.3,-23.119,-23.126
10850783,0,0,3.06,2.123,-22
10850783,1,1,2.96,60,59.32
10850783,2,1,3.12,-21.81,14.34
10850783,3,1,3.19,-25.76,-23.101
10980804,0,0,3.09,3.31,-24.69
10980804,1,1,3.01,60,48
10980804,2,1,3.07,-25.34,13.6
10980804,3,0,3.24,-24.89,-23.33
11130856,0,0,3.09,2.92,-22.49
11130887,1,1,3.03,47.93,42.37
11130887,2,1,3.12,-23.119,14.28
11130887,3,1,3.25,-24.109,-21.18
11280817,0,0,3.07,2.59,-23.35
11280817,1,1,3.06,49.48,44.126
11280817,2,1,3.15,-22.121,17.25
11280817,3,1,3.19,-24.5,-22.56
11430961,0,0,3.07,2.106,-23.54
11430961,1,1,3.11,40.56,33.64
11430961,2,1,3.06,-24.62,11.89
11430961,3,1,3.26,-24.5,-22.55
11580860,0,0,3.03,3.43,-25.57
11580891,1,1,3.03,60,59.62
11580891,2,1,3.11,-23.72,12.19
11580891,3,1,3.25,-25.67,-22.82
11731004,0,0,3.09,2.55,-23.56
11731004,1,1,2.96,60,48
11731004,2,1,3.16,-24.31,11.7
11731004,3,1,3.27,-23.4,-22.98
11880842,0,0,3.09,2.59,-23.14
11880842,1,1,3.09,43.85,41.19
11880842,2,1,3.07,-24.44,11.51
11880842,3,0,3.28,-24.7,-23.73
12030852,0,0,3.07,3.21,-24.86
12030852,1,1,3.01,60,57.79
12030852,2,1,3.11,-25.18,15.123
12030883,3,1,3.25,-25.106,-22.21
12190883,0,0,3.08,3.55,-24.9
12190883,1,1,3.11,40.109,34.118
12190883,2,1,3.05,-25.84,15.32
12190883,3,1,3.25,-24.67,-22.1
12331078,0,0,3.1,2.124,-24.9
12331078,1,1,3,60,57.61
12331078,2,1,3.16,-24.106,12.61
12331078,3,1,3.28,-24.76,-22.47
12480856,0,0,3.08,2.78,-22.7
12480856,1,1,3.04,49.8,40.106
12480886,2,1,3.09,-23.81,14.96
12480886,3,1,3.3,-23.48,-21.25
12631030,0,0,3.07,3.16,-22.3
12631030,1,1,3.01,60,48
12631030,2,1,3.07,-25.107,13.1
12631030,3,1,3.27,-25.54,-23.75
12780868,0,0,3.11,4.35,-24.46
12780868,1,1,3.08,39.49,34.3
12780868,2,1,3.12,-23.16,15.48
12780899,3,0,3.27,-24.11,-23.85
12930909,0,0,3.07,3.57,-23.36
12930909,1,1,3.06,49.19,43.7
12930909,2,1,3.1,-25.123,12.63
12930909,3,1,3.27,-24.51,-23.104
13081083,0,0,3.05,2.81,-23.82
13081083,1,1,3,60,54.7
13081083,2,1,3.07,-24.9,16.36
13081114,3,1,3.24,-25.107,-23.126
13230891,0,0,3.09,2.98,-22.37
13230922,1,1,3.06,51.48,49.98
13230922,2,1,3.1,-23.58,11.68
13230922,3,1,3.24,-24.66,-23.63
13380943,0,0,3.09,3.98,-24.46
13380943,1,1,3.04,49.47,46.116
13380943,2,1,3.18,-22.99,13.107
13380943,3,0,3.29,-25.104,-21.124
13531087,0,0,3.11,3.3,-24.13
13531087,1,1,2.96,60,59.19
13531087,2,1,3.11,-25.89,13.54
13531117,3,1,3.29,-24.8,-23.114
13681078,0,0,3.04,2.125,-23.73
13681078,1,1,3.04,57.68,54.46
13681078,2,1,3.2,-25.8,13.54
13681078,3,1,3.27,-24.8,-21.104
13831099,0,0,3.13,3.71,-24.12
13831099,1,1,2.97,60,54.79
13831099,2,1,3.04,-23.123,13.23
13831130,3,1,3.26,-23.51,-19.99
13981109,0,0,3.08,3.38,-23.62
13981109,1,1,2.99,60,60
13981109,2,1,3.13,-23.3,12.58
13981109,3,1,3.23,-24.9,-22.48
14131009,0,0,3.09,2.89,-23.27
14131009,1,1,2.99,60,57.42
14131009,2,1,3.11,-25.124,12.37
14131009,3,1,3.27,-23.17,-22.113
14280970,0,0,3.05,2.39,-21.88
14280970,1,1,3,60,59.41
14280970,2,1,3.12,-24.6,12.87
14280970,3,0,3.26,-24.6,-22.29
14430991,0,0,3.06,3.12,-23.104
14431022,1,1,3.03,60,59.41
14431022,2,1,3.1,-23.125,13.7
14431022,3,1,3.27,-24.93,-21.98
14580982,0,0,3.06,2.122,-26.39
14580982,1,1,3.07,41.96,37.46
14580982,2,1,3.08,-23.123,15.96
14580982,3,0,3.24,-24.54,-23.112
14731004,0,0,3.07,2.9,-22.36
14731004,1,1,3.01,60,48
14731004,2,1,3.13,-22.126,16.42
14731004,3,0,3.33,-24.64,-21.56
14880995,0,0,3.09,3.107,-24.107
14880995,1,1,3.13,39.79,32.117
14880995,2,1,3.08,-24.49,13.105
14880995,3,1,3.22,-25.9,-22.12
15031035,0,0,3.08,2.91,-23.82
15031035,1,1,3.05,52.16,48.41
15031035,2,1,3.06,-23.75,11.6
15031035,3,1,3.28,-24.33,-22.82
15180996,0,0,3.07,3.51,-24.9
15180996,1,1,3.01,60,60
15180996,2,1,3.15,-22.68,16.78
15180996,3,0,3.32,-23.28,-22.119
15330987,0,0,3.11,2.53,-21.24
15330987,1,1,3.03,60,54.15
15331017,2,1,3.11,-23.73,15.79
15331017,3,1,3.25,-25.109,-23.16
15480978,0,0,3.09,3.23,-23.83
15481008,1,1,2.95,60,58.89
15481008,2,1,3.14,-23.111,15.5
15481008,3,1,3.18,-24.75,-22.78
15631213,0,0,3.09,2.17,-22.11
15631213,1,1,3,60,60
15631213,2,1,3.09,-23.69,18.47
15631213,3,0,3.26,-24.88,-23.75
15781021,0,0,3.06,2.112,-23.26
15781021,1,1,3.04,50.5,48.5
15781021,2,1,3.09,-23.44,11.7
15781021,3,1,3.26,-24.5,-24.101
15931275,0,0,3.1,2.35,-21.32
15931275,1,1,3.01,60,48
15931275,2,1,3.09,-23.33,10.4
15931275,3,0,3.27,-24.69,-20
16081083,0,0,3.08,3.5,-23.2
16081083,1,1,2.99,51.67,51.73
16081083,2,1,3.14,-23.7,12.44
16081083,3,0,3.32,-24.36,-22.72
16231196,0,0,3.11,3.5,-23.62
16231196,1,1,3.05,60,59.29
16231196,2,1,3.07,-24.116,13.81
16231227,3,1,3.25,-25.48,-24.11
16381096,0,0,3.1,3.67,-24.25
16381096,1,1,3.01,60,58.68
16381096,2,1,3.1,-26.87,12.89
16381096,3,1,3.27,-25.114,-22.9
16531026,0,0,3.04,2.96,-22.83
16531056,1,1,2.98,60,57.95
16531056,2,1,3.06,-24.56,11.76
16531056,3,1,3.26,-25.39,-23.88
16681108,0,0,3.11,2.7,-23.65
16681108,1,1,3.06,39.44,36.14
16681108,2,1,3.13,-24.117,15.45
16681108,3,1,3.22,-23.23,-21.4
16831069,0,0,3.03,2.97,-23.97
16831069,1,1,2.93,-60,33.112
16831069,2,1,3.14,-25.101,10.83
16831069,3,0,3.3,-24.108,-22.7
16981109,0,0,3.05,2.122,-22.51
16981109,1,1,3.01,60,57.79
16981140,2,1,3.12,-24.5,14.8
16981140,3,1,3.22,-23.95,-22.64
17131070,0,0,3.05,2.71,-23.93
17131070,1,1,3.02,59.96,55.18
17131101,2,1,3.07,-22.31,11.97
17131101,3,0,3.24,-23.93,-22.3
17281153,0,0,3.05,2.111,-22.71
17281153,1,1,3.04,60,53.116
17281153,2,1,3.16,-22.48,15.126
17281153,3,1,3.28,-25.15,-23.108
17431083,0,0,3.11,3.3,-24.114
17431083,1,1,2.99,60,55.51
17431083,2,1,3.11,-21.64,16.55
17431083,3,1,3.29,-24.31,-21.4
17581257,0,0,3.06,2.115,-23.48
17581257,1,1,3.01,50.71,49.41
17581257,2,1,3.15,-21.58,14.2
17581257,3,0,3.23,-24.91,-23.126
17731095,0,0,3.09,2.58,-22.118
17731095,1,1,3.07,54.29,53.77
17731126,2,1,3.16,-24.113,9.57
17731126,3,1,3.33,-25.55,-22.38
17881300,0,0,3.09,2.96,-24.78
17881300,1,1,2.99,60,59.25
17881300,2,1,3.1,-21.62,15.24
17881300,3,0,3.33,-24.91,-22.116
18031157,0,0,3.1,3.32,-23.35
18031157,1,1,2.91,60,52.84
18031157,2,1,3.16,-25.125,14.75
18031188,3,0,3.32,-24.77,-22.28
18181301,0,0,3.03,2.1,-20.9
18181301,1,1,3.04,42.107,34.48
18181332,2,1,3.1,-25.15,12.63
18181332,3,1,3.26,-24.97,-22.12
18331170,0,0,3.07,2.101,-24.84
18331201,1,1,3.04,47.12,45.75
18331201,2,1,3.16,-24.51,12.79
18331201,3,1,3.26,-24.62,-21.98
18481314,0,0,3.03,3.66,-22.36
18481314,1,1,3.06,60,57.66
18481314,2,1,3.1,-24.121,11.101
18481314,3,1,3.33,-25.98,-22.42
18631183,0,0,3.06,2.61,-22.74
18631183,1,1,2.96,60,58.2
18631183,2,1,3.05,-24.95,15.127
18631183,3,1,3.27,-26.57,-23.66
18781113,0,0,3.08,3.19,-23.63
18781143,1,1,3,60,48
18781143,2,1,3.1,-24.5,13.34
18781143,3,1,3.21,-25.11,-22.74
18931367,0,0,3.08,2.89,-21.9
18931367,1,1,3.04,57.102,53.89
18931367,2,1,3.18,-23.25,12.17
18931367,3,1,3.25,-23.99,-21.6
19081358,0,0,3.11,2.118,-21
19081358,1,1,3.14,41.103,43.49
19081388,2,1,3.11,-24.44,12.13
19081388,3,1,3.29,-24.2,-22.7
19231166,0,0,3.09,3.33,-24.38
19231166,1,1,2.96,60,60
19231166,2,1,3.13,-27.19,16.34
19231166,3,1,3.26,-24.12,-21.55
19381340,0,0,3.04,2.43,-22.117
19381340,1,1,3.01,53.11,49.98
19381340,2,1,3.07,-24.37,16.8
19381340,3,1,3.25,-25.33,-21.2
19531362,0,0,3.03,3.11,-25.118
19531362,1,1,2.97,60,57.108
19531362,2,1,3.16,-23.1,12.38
19531362,3,1,3.26,-25.89,-22.5
19681169,0,0,3.03,2.123,-22.2
19681169,1,1,3,60,58.96
19681200,2,1,3.12,-25.8,8.74
19681200,3,1,3.24,-24.32,-21.48
19831405,0,0,3.09,2.123,-24.123
19831405,1,1,3.06,50.43,44.52
19831405,2,1,3.11,-24.112,14.77
19831405,3,0,3.34,-24.118,-21.63
19981262,0,0,3.09,2.75,-22.45
19981262,1,1,3.03,60,55.78
19981262,2,1,3.14,-24.18,14.47
19981262,3,1,3.26,-24.54,-21.114
20131406,0,0,3.06,2.48,-22.82
20131406,1,1,3.05,60,60
20131406,2,1,3.15,-24.101,11.59
20131406,3,0,3.33,-24.86,-21.18
20281275,0,0,3.09,2.81,-23.86
20281275,1,1,3.14,38.8,32.125
20281275,2,1,3.09,-24.66,9.27
20281275,3,1,3.23,-24.28,-22.15
20431418,0,0,3.08,3.5,-23.65
20431418,1,1,2.99,60,54.47
20431418,2,1,3.11,-24.11,11.35
20431418,3,1,3.24,-24.37,-21.13
20581287,0,0,3.1,2.48,-22.97
20581287,1,1,3.06,40.18,35.21
20581287,2,1,3.13,-27.116,8.91
20581287,3,1,3.26,-24.113,-22.16
20731431,0,0,3.1,3.37,-23.38
20731431,1,1,3.08,42.99,39.92
20731431,2,1,3.17,-24.75,10.35
20731461,3,1,3.28,-24.108,-21.71
20881269,0,0,3.08,2.49,-22.1
20881269,1,1,3.01,60,60
20881269,2,1,3.19,-24.3,15.23
20881269,3,0,3.35,-24.17,-22.1
21031249,0,0,3.1,2.117,-22.79
21031249,1,1,3.11,47.87,43.73
21031249,2,1,3.12,-25.93,14
21031249,3,0,3.28,-24.1,-23.58
21181270,0,0,3.09,3.3,-24.127
21181270,1,1,2.95,60,48
21181270,2,1,3.04,-24.15,11.116
21181270,3,1,3.28,-24.13,-22.115
21331262,0,0,3.08,3.71,-24.3
21331262,1,1,3.07,56.54,50.66
21331262,2,1,3.07,-24.61,12.92
21331262,3,1,3.25,-26.92,-23.25
21481253,0,0,3.07,3.56,-24.1
21481283,1,1,2.95,60,59.89
21481283,2,1,3.21,-24.3,13.1
21481283,3,1,3.22,-25.119,-21.57
21631274,0,0,3.07,2.122,-23.16
21631274,1,1,3.02,60,48
21631274,2,1,3.24,-25.47,7.19
21631274,3,1,3.26,-25.61,-22.31
21781479,0,0,3.1,2.42,-22.87
21781479,1,1,3.01,51.2,46.53
21781479,2,1,3.12,-24.76,17.4
21781479,3,1,3.31,-24.67,-23.12
21931367,0,0,3.1,2.63,-21.4
21931367,1,1,3.02,60,58.72
21931367,2,1,3.04,-25.126,13.121
21931367,3,1,3.23,-25.27,-22.52
22081602,0,0,3.02,2.102,-23.98
22081602,1,1,3.03,55.71,50.98
22081602,2,1,3.08,-25.63,10.84
22081602,3,1,3.26,-25.122,-23.83
22231349,0,0,3.06,2.26,-21
22231349,1,1,2.97,60,59.64
22231349,2,1,3.1,-22.117,17.63
22231379,3,1,3.2,-26.122,-23.33
22381462,0,0,3.04,3.4,-24.94
22381462,1,1,2.97,60,60
22381462,2,1,3.14,-23.37,14.29
22381462,3,0,3.31,-24.102,-23.78
22531362,0,0,3.05,3,-23.12
22531362,1,1,3.01,60,58.107
22531362,2,1,3.13,-25.9,13.29
22531362,3,0,3.27,-23.34,-23.84
22681505,0,0,3.11,2.61,-22.1
22681505,1,1,2.98,60,48
22681505,2,1,3.1,-26.53,13.86
22681505,3,1,3.28,-23.16,-21.58
22831374,0,0,3.08,2.79,-23.9
22831374,1,1,3.01,60,59.6
22831374,2,1,3.18,-24.7,11.67
22831374,3,1,3.27,-24.8,-22.102
22981354,0,0,3.08,2.119,-24.71
22981354,1,1,3.03,60,60
22981354,2,1,3.18,-23.52,14.47
22981354,3,1,3.22,-25.119,-23.12
23131345,0,0,3.09,2.117,-25
23131345,1,1,3,60,55.34
23131345,2,1,3.22,-24.118,9.1
23131345,3,1,3.24,-26.103,-24.92
23281336,0,0,3.1,2.91,-23.34
23281336,1,1,2.96,60,59.37
23281336,2,1,3.14,-24.47,12.83
23281366,3,1,3.22,-25.41,-23.86
23431388,0,0,3.08,2.76,-22.13
23431388,1,1,2.93,60,56.38
23431388,2,1,3.12,-24.15,11.86
23431388,3,0,3.3,-24.26,-20.11
23581348,0,0,3.06,2.126,-23.123
23581379,1,1,3,60,59.28
23581379,2,1,3.09,-26.64,10.26
23581379,3,0,3.3,-24.53,-22.54
23731492,0,0,3.14,2.33,-21.83
23731492,1,1,3.03,60,48
23731523,2,1,3.12,-25.53,12.56
23731523,3,1,3.24,-24.13,-23.74
23881422,0,0,3.11,3.36,-25.76
23881422,1,1,2.96,60,48
23881422,2,1,3.07,-24.123,15.13
23881422,3,1,3.25,-25.67,-22.12
24031554,0,0,3.11,3.44,-24.18
24031585,1,1,2.99,60,60
24031585,2,1,3.1,-24.99,14.61
24031585,3,1,3.24,-24.82,-23.11
24181393,0,0,3.07,2.48,-22.47
24181393,1,1,3.03,50.95,44.79
24181423,2,1,3.11,-24.122,12.122
24181423,3,1,3.21,-24.6,-23.29
24331567,0,0,3.09,2.55,-22.88
24331567,1,1,3.12,36.115,33.13
24331567,2,1,3.16,-25.4,9.112
24331597,3,1,3.23,-24.7,-21.2
24481436,0,0,3.06,2.13,-22.7
24481436,1,1,3.06,60,57.17
24481466,2,1,3.14,-24.35,11.91
24481466,3,1,3.3,-25.93,-23.41
24631549,0,0,3.13,2.57,-21.69
24631549,1,1,3.03,60,60
24631549,2,1,3.07,-23.115,15.16
24631549,3,1,3.26,-25.117,-23.39
24781448,0,0,3.04,3.75,-24.52
24781448,1,1,3.09,48.16,43.106
24781448,2,1,3.15,-24.92,13.115
24781479,3,0,3.28,-23.49,-22
24931550,0,0,3.08,3.62,-25.6
24931550,1,1,3.05,60,60
24931550,2,1,3.11,-24.112,13.8
24931550,3,0,3.26,-23.41,-21.2
25081419,0,0,3.08,2.82,-22.36
25081419,1,1,3.01,60,60
25081419,2,1,3.13,-24.41,13.107
25081449,3,1,3.24,-25.6,-22.64
25231440,0,0,3.08,2.4,-22.32
25231440,1,1,3,56.108,50.115
25231440,2,1,3.12,-24.91,14.32
25231471,3,1,3.26,-25.44,-22.53
25381493,0,0,3.09,2.64,-23.57
25381493,1,1,3.09,41.95,34.8
25381493,2,1,3.1,-26.11,13.127
25381493,3,1,3.23,-23,-23.126
25531423,0,0,3.09,3.3,-24.24
25531453,1,1,3.01,60,58.5
25531453,2,1,3.13,-25.11,14.53
25531453,3,0,3.34,-24.57,-24.54
25681658,0,0,3.08,2.98,-23.102
25681658,1,1,3.03,60,51.4
25681658,2,1,3.13,-25.9,14.2
25681658,3,1,3.28,-24.57,-23.106
25831435,0,0,3.1,2.69,-23.75
25831435,1,1,3,60,60
25831435,2,1,3.06,-24.5,12.15
25831435,3,0,3.31,-24.11,-23.93
25981659,0,0,3.03,2.44,-21.31
25981659,1,1,3.1,45.3,39.8
25981659,2,1,3.18,-25.36,17.22
25981659,3,1,3.3,-24.2,-21.23
26131497,0,0,3.09,2.116,-23.111
26131497,1,1,3.01,60,59.17
26131497,2,1,3.18,-25.94,14.78
26131497,3,0,3.24,-24.21,-24.41
26281641,0,0,3.11,3.4,-23.3
26281641,1,1,3.03,60,48
26281671,2,1,3.1,-25.44,12.14
26281671,3,1,3.24,-24.116,-21.63
26431632,0,0,3.05,2.43,-21.72
26431662,1,1,3.02,50.6,45.99
26431662,2,1,3.08,-23.3,10.48
26431662,3,1,3.26,-24.2,-23.101
26581470,0,0,3.09,2.83,-23.1
26581501,1,1,3.02,60,60
26581501,2,1,3.12,-22.35,8.116
26581501,3,0,3.33,-24.17,-22.97
26731492,0,0,3.1,2.37,-22.115
26731492,1,1,2.98,60,55.26
26731523,2,1,3.16,-24.88,13.115
26731523,3,1,3.26,-25.108,-23.122
26881636,0,0,3.07,2.84,-23.121
26881636,1,1,3,60,54.95
26881636,2,1,3.09,-24.113,13.35
26881636,3,1,3.25,-25.98,-21.12
27031585,0,0,3.08,2.103,-22.124
27031585,1,1,3.04,60,55.102
27031585,2,1,3.16,-24.27,9.94
27031585,3,0,3.31,-23.52,-22.76
27181515,0,0,3.06,2.43,-19.12
27181515,1,1,3.01,60,60
27181515,2,1,3.13,-25.94,12.112
27181545,3,0,3.31,-24.105,-20.105
27331567,0,0,3.11,3.11,-24.115
27331597,1,1,3,60,59.89
27331597,2,1,3.17,-24.42,12.88
27331597,3,1,3.26,-23.17,-23.113
27481527,0,0,3.02,3.27,-24.125
27481527,1,1,3.02,60,60
27481527,2,1,3.14,-25.7,12.53
27481527,3,1,3.26,-25.48,-22.124
27631549,0,0,3.09,2.107,-22.1
27631549,1,1,3.03,60,57.46
27631549,2,1,3.11,-24.119,12.18
27631549,3,1,3.23,-24.64,-22.118
27781540,0,0,3.03,2.101,-24.116
27781570,1,1,3.04,55.78,56.21
27781570,2,1,3.11,-25.125,12.63
27781570,3,1,3.22,-25.81,-23.12
27931580,0,0,3.1,2.22,-22.126
27931580,1,1,3.03,51.111,49.63
27931580,2,1,3.08,-24.48,13.6
27931580,3,0,3.32,-24.74,-24.126
28121732,0,0,3.08,3,-24.29
28121732,1,1,3.02,60,51.39
28121732,2,1,3.24,-26.71,12.14
28121732,3,1,3.22,-25.118,-23.62
28321740,0,0,3.05,2.12,-23.58
28321740,1,1,2.96,60,48
28321740,2,1,3.2,-24.94,14.2
28321771,3,0,3.31,-24.123,-23.108
28381584,0,0,3.1,2.47,-23.93
28381584,1,1,3.06,56.3,51.113
28381584,2,1,3.2,-26.12,14.5
28381584,3,1,3.27,-24.6,-22.25
28531575,0,0,3.13,1.113,-21.17
28531575,1,1,3.03,60,57.8
28531575,2,1,3.14,-26.47,12.98
28531606,3,0,3.32,-24.111,-22.12
28681749,0,0,3.1,3.41,-24.45
28681749,1,1,3,60,59.64
28681749,2,1,3.18,-25.19,12.21
28681749,3,0,3.27,-24.9,-23.72
28831740,0,0,3.09,3.73,-24.1
28831740,1,1,3.02,60,59.89
28831740,2,1,3.13,-24.99,15.31
28831740,3,0,3.35,-24.55,-23.83
28981659,0,0,3.1,2.11,-23.72
28981659,1,1,3.08,51.14,47.2
28981659,2,1,3.14,-26.27,9.3
28981659,3,1,3.31,-24.34,-23.79
29131619,0,0,3.08,3.53,-24.116
29131619,1,1,3,60,56.64
29131619,2,1,3.11,-24.89,11.81
29131619,3,1,3.26,-24.48,-23.21
29281671,0,0,3.02,3.51,-24.84
29281671,1,1,3.04,47.31,43.119
29281671,2,1,3.14,-24.73,15.36
29281671,3,1,3.26,-24.3,-23.84
29431601,0,0,3.1,3,-24.81
29431601,1,1,3.06,60,57.122
29431601,2,1,3.13,-26.47,14.6
29431632,3,1,3.26,-24.83,-21.48
29581654,0,0,3.05,3.13,-23.35
29581684,1,1,3.14,42.2,33.83
29581684,2,1,3.09,-23.19,14.32
29581684,3,1,3.23,-24.7,-22.34
29731614,0,0,3.11,2.123,-24.51
29731614,1,1,3.06,60,60
29731645,2,1,3.15,-25.29,14.88
29731645,3,1,3.32,-24.113,-21.26
29881788,0,0,3.1,2.12,-24.111
29881788,1,1,2.97,60,56
29881788,2,1,3.09,-23.18,14.75
29881788,3,1,3.27,-24.103,-22.34
30031646,0,0,3.07,3.16,-23.13
30031646,1,1,3.04,60,60
30031646,2,1,3.11,-24.9,14.1
30031646,3,0,3.24,-24.119,-23.109
30181881,0,0,3.1,2.28,-23.9
30181881,1,1,3.07,51.85,52.33
30181881,2,1,3.21,-24.39,11.56
30181881,3,1,3.26,-24.48,-21.7
30331719,0,0,3.08,2.76,-22.41
30331719,1,1,3.08,48.43,46.111
30331719,2,1,3.11,-25.104,10.64
30331750,3,1,3.25,-25.55,-23.105
30481710,0,0,3.04,2.82,-23.112
30481741,1,1,3.04,53.26,51.23
30481741,2,1,3.11,-24.52,12.96
30481741,3,1,3.22,-24.119,-21.2
30631732,0,0,3.09,3.31,-24.121
30631732,1,1,3.08,48.85,46.5
30631732,2,1,3.11,-25.45,13.17
30631732,3,1,3.26,-24.11,-22.126
30781784,0,0,3.06,2.109,-23.16
30781815,1,1,2.99,60,57.114
30781815,2,1,3.11,-23.99,14.27
30781845,3,0,3.31,-24.111,-22.72
30931733,0,0,3.06,2.107,-24.83
30931733,1,1,3.04,60,57.83
30931763,2,1,3.08,-23.9,8.85
30931763,3,1,3.33,-25.79,-23.74
31081694,0,0,3.08,2.79,-22.2
31081694,1,1,3.03,56.97,57.32
31081724,2,1,3.16,-24.83,12.88
31081724,3,0,3.29,-24.3,-22.113
31231746,0,0,3.1,2.37,-21.91
31231776,1,1,3.02,50.112,47.67
31231776,2,1,3.21,-24.16,14.99
31231776,3,1,3.24,-25.105,-23.59
31381706,0,0,3.14,2.36,-22.109
31381706,1,1,3.04,60,60
31381706,2,1,3.11,-25.3,11.56
31381706,3,1,3.2,-24.123,-22.101
31531758,0,0,3.05,3.41,-24.119
31531758,1,1,2.98,60,56.53
31531758,2,1,3.1,-24.73,11.36
31531758,3,1,3.26,-25.27,-22.63
31681719,0,0,3.07,3.24,-24.107
31681719,1,1,3.07,53.104,47.44
31681719,2,1,3.14,-23.41,15.118
31681749,3,1,3.21,-25.18,-22.5
31831923,0,0,3.1,2.123,-23.4
31831923,1,1,3.03,60,58.114
31831923,2,1,3.19,-24.5,12.6
31831954,3,1,3.3,-24.52,-22.39
31981720,0,0,3.06,2.29,-22.1
31981750,1,1,3,60,54.22
31981750,2,1,3.22,-24.4,13.4
31981750,3,0,3.32,-24.98,-23.125
32131741,0,0,3.06,2.87,-21.65
32131741,1,1,2.96,60,55.122
32131741,2,1,3.09,-26.32,10.33
32131741,3,1,3.29,-24.1,-21.57
32281763,0,0,3.1,3.37,-24.11
32281763,1,1,3.08,48.103,44.29
32281763,2,1,3.17,-24.71,15.54
32281763,3,0,3.26,-24.66,-22.6
32431754,0,0,3.1,2.125,-23.34
32431754,1,1,2.99,60,48
32431754,2,1,3.17,-25.1,11.124
32431754,3,1,3.29,-23.43,-21.88
32581806,0,0,3.08,2.54,-22.29
32581806,1,1,3.04,47.34,37.124
32581806,2,1,3.18,-24.17,15.48
32581837,3,0,3.32,-24.84,-22.78
32731828,0,0,3.09,3.5,-23.116
32731828,1,1,2.96,60,58.18
32731828,2,1,3.13,-25.87,7.76
32731828,3,1,3.25,-24.54,-20.13
32881819,0,0,3.11,2.51,-22.5
32881819,1,1,3.12,43.1,48.1
32881819,2,1,3.09,-25.64,10.74
32881819,3,1,3.27,-24.82,-23.1
33031798,0,0,3.07,2.104,-22.8
33031798,1,1,2.99,60,54.76
33031798,2,1,3.14,-25.78,13.43
33031798,3,0,3.26,-24.74,-21.78
33181850,0,0,3.06,2.101,-23.3
33181850,1,1,3.11,45.125,44.58
33181850,2,1,3.1,-25.69,14.125
33181850,3,1,3.22,-24.35,-22.12
33331780,0,0,3.03,3.58,-24.72
33331780,1,1,2.98,60,48
33331780,2,1,3.14,-23.32,13.56
33331780,3,1,3.26,-24.41,-23.69
33481863,0,0,3.1,2.26,-21.108
33481863,1,1,3,60,58.127
33481863,2,1,3.11,-24.107,14.125
33481863,3,1,3.26,-24.2,-22.121
33631793,0,0,3.09,2.1,-23.82
33631793,1,1,3.02,60,59.66
33631793,2,1,3.11,-25.54,16.26
33631793,3,1,3.3,-24.88,-21.67
33781784,0,0,3.08,3.12,-25.37
33781815,1,1,2.98,60,56.13
33781815,2,1,3.05,-25.112,12.11
33781815,3,1,3.24,-25.46,-22
33931825,0,0,3.05,3.4,-24.49
33931825,1,1,3.03,60,58.21
33931825,2,1,3.12,-27.111,11.68
33931825,3,1,3.19,-23.12,-23.67
34081846,0,0,3.1,3.11,-24.69
34081846,1,1,3.02,60,59.11
34081846,2,1,3.07,-24.49,17.33
34081846,3,1,3.27,-24.117,-21.89
34231837,0,0,3.05,3.1,-22.37
34231868,1,1,3.08,46.89,37.126
34231868,2,1,3.06,-25.125,15.118
34231868,3,1,3.28,-24.84,-22.114
34381828,0,0,3.07,2.9,-23.4
34381859,1,1,2.99,60,56.47
34381859,2,1,3.09,-24.1,12.52
34381859,3,1,3.26,-24.91,-22.104
34531911,0,0,3.07,3.37,-24.26
34531911,1,1,3.06,60,55.75
34531911,2,1,3.14,-24.12,16.101
34531911,3,1,3.24,-26.104,-23.122
34681871,0,0,3.08,3.54,-25.55
34681871,1,1,3.1,46.1,42.121
34681871,2,1,3.17,-24.1,12.123
34681871,3,1,3.19,-24.26,-23.123
34831923,0,0,3.06,3.53,-24.91
34831923,1,1,3.04,48.31,45.126
34831923,2,1,3.11,-26.8,10.7
34831923,3,1,3.29,-25.111,-23.114
34981872,0,0,3.08,2.29,-22.71
34981872,1,1,2.93,60,58.53
34981872,2,1,3.05,-24.93,10.97
34981872,3,1,3.26,-23.1,-21.18
35131924,0,0,3.08,2.68,-23.116
35131924,1,1,2.99,60,58.72
35131924,2,1,3.09,-26.86,6.97
35131955,3,1,3.26,-23.36,-21.124
35281885,0,0,3.06,2.96,-23.85
35281885,1,1,3.03,54.98,54.1
35281885,2,1,3.11,-26.85,11.79
35281885,3,0,3.28,-24.32,-22.79
35431937,0,0,3.04,3.7,-22.15
35431937,1,1,2.96,60,58.47
35431937,2,1,3.16,-23.67,14.101
35431937,3,1,3.3,-24.89,-22.1
35581898,0,0,3.09,2.101,-23.38
35581898,1,1,3.02,46.45,41.102
35581928,2,1,3.07,-23.46,13.19
35581928,3,1,3.26,-26.127,-24.105
35731919,0,0,3.08,2.77,-22.12
35731919,1,1,2.97,60,51.74
35731950,2,1,3.1,-24.95,12.125
35731950,3,1,3.28,-24.55,-22.35
35881910,0,0,3.12,2.6,-21.53
35881910,1,1,3.06,46.84,43.127
35881910,2,1,3.1,-24.41,14.38
35881910,3,1,3.26,-24.55,-22.22
36032195,0,0,3.1,2.116,-21.34
36032195,1,1,2.96,60,57.11
36032195,2,1,3.18,-24.115,13.12
36032195,3,1,3.3,-24.74,-22.9
36181942,0,0,3.1,2.64,-21.25
36181942,1,1,3.09,42.33,34.76
36181942,2,1,3.2,-25.101,14.68
36181942,3,1,3.28,-24.121,-21.15
36332024,0,0,3.08,3.18,-24.75
36332024,1,1,3.03,45.102,41.124
36332024,2,1,3.15,-25.82,12.28
36332024,3,1,3.21,-24.118,-21.17
36481985,0,0,3.05,2.81,-22.45
36481985,1,1,3,60,60
36481985,2,1,3.12,-22.125,14.83
36481985,3,1,3.23,-24.2,-23.44
36631915,0,0,3.15,2.57,-23.24
36631946,1,1,3.04,60,55.95
36631946,2,1,3.07,-26.89,11.43
36631946,3,0,3.31,-23.32,-23.15
36781998,0,0,3.06,2.79,-26.112
36781998,1,1,3,60,57.46
36781998,2,1,3.17,-23.67,10.65
36781998,3,1,3.27,-25.52,-23.45
36932160,0,0,3.03,2.65,-23.67
36932160,1,1,3.01,54.4,56.75
36932160,2,1,3.09,-24.82,13.28
36932160,3,1,3.25,-24.58,-21.108
37081999,0,0,3.07,3.15,-23.47
37081999,1,1,2.94,60,48
37081999,2,1,3.14,-23,10.95
37081999,3,1,3.23,-24.96,-20.105
37231959,0,0,3.06,2.26,-22.75
37231959,1,1,3.03,60,48
37231959,2,1,3.18,-24.38,13.65
37231959,3,0,3.31,-23.27,-23.59
37382011,0,0,3.05,2.7,-22.94
37382042,1,1,3.11,46.76,41.65
37382042,2,1,3.1,-25.41,12.5
37382042,3,1,3.23,-25.116,-21.63
37531972,0,0,3.03,3.12,-24.72
37531972,1,1,3.11,39.55,35.29
37531972,2,1,3.08,-26.35,11.34
37531972,3,1,3.25,-24.75,-22.1
37682024,0,0,3.1,3.25,-24.122
37682024,1,1,2.99,60,58.97
37682024,2,1,3.15,-24.5,14.116
37682024,3,1,3.26,-24.52,-21.57
37831984,0,0,3.09,2.65,-21.75
37831984,1,1,3.04,56.76,53.18
37831984,2,1,3.08,-24.125,13.55
37831984,3,1,3.26,-24.56,-22.38
37982208,0,0,3.07,2.22,-22.2
37982208,1,1,3.05,49.114,46.29
37982208,2,1,3.04,-25.38,12.96
37982239,3,1,3.24,-24.118,-22.93
38132016,0,0,3.08,2.113,-24.118
38132016,1,1,3.03,60,56.93
38132016,2,1,3.09,-23.12,13.5
38132016,3,1,3.25,-24.1,-22.75
38282221,0,0,3.1,2.66,-23.98
38282221,1,1,2.96,60,48
38282221,2,1,3.11,-24.42,12.126
38282221,3,1,3.25,-25.14,-23.2
38432090,0,0,3.1,2.117,-24.126
38432090,1,1,3.04,44.116,44.99
38432090,2,1,3.07,-24.103,13
38432090,3,1,3.21,-25.39,-23.108
38582172,0,0,3.08,2.106,-23.93
38582203,1,1,3.08,44.41,36.95
38582203,2,1,3.08,-24.26,13.14
38582203,3,0,3.3,-24.81,-23.83
38732072,0,0,3.09,2.125,-25.56
38732102,1,1,3.04,54.98,50.114
38732102,2,1,3.14,-24.96,11.65
38732102,3,1,3.26,-24.106,-21.56
38882276,0,0,3.02,3.6,-23.9
38882276,1,1,3.07,47.25,41.92
38882276,2,1,3.13,-25.32,12.42
38882276,3,1,3.27,-24.111,-21.55
39032103,0,0,3.07,3.12,-23.2
39032103,1,1,3.01,60,60
39032103,2,1,3.16,-28.125,13.127
39032103,3,1,3.25,-23.55,-22.38
39182064,0,0,3.08,2.46,-22.97
39182064,1,1,3.04,48.7,46.12
39182064,2,1,3.13,-25.13,8.79
39182064,3,1,3.25,-24.7,-23.81
39332116,0,0,3.05,3.12,-23.83
39332116,1,1,3,60,59.5
39332116,2,1,3.17,-24.99,12.85
39332116,3,1,3.28,-24.42,-21.118
39482077,0,0,3.06,2.32,-22.106
39482077,1,1,3,59.59,54.26
39482077,2,1,3.17,-24.64,10.6
39482077,3,1,3.24,-24.88,-22.83
39632098,0,0,3.07,2.43,-22.63
39632098,1,1,3.01,60,48
39632098,2,1,3.15,-22.22,12.34
39632129,3,0,3.29,-24.79,-22.84
39782059,0,0,3.05,1.127,-22.56
39782059,1,1,3.02,60,56.82
39782089,2,1,3.11,-23.69,11.88
39782089,3,1,3.27,-24.53,-24.125
39932099,0,0,3.09,3.41,-24.93
39932099,1,1,3.03,60,57.26
39932099,2,1,3.17,-23.11,12.68
39932099,3,0,3.28,-24.103,-22.9
40082090,0,0,3.06,2.72,-23.68
40082121,1,1,3.04,42.2,37.122
40082121,2,1,3.16,-25.35,14.42
40082121,3,1,3.28,-25.41,-23.34
40232264,0,0,3.08,2.56,-23.89
40232264,1,1,3.02,60,58.115
40232295,2,1,3.15,-22.87,14.113
40232295,3,1,3.23,-24.76,-22.31
40382133,0,0,3.07,3.85,-24.16
40382164,1,1,3.02,60,48
40382164,2,1,3.16,-25.12,12.2
40382164,3,1,3.28,-24.21,-22.94
40532216,0,0,3.08,2.73,-22.42
40532216,1,1,3.01,60,59.43
40532216,2,1,3.11,-24.9,13.49
40532216,3,1,3.23,-24.2,-23.25
40682146,0,0,3.07,3.2,-25.95
40682146,1,1,2.99,60,60
40682146,2,1,3.15,-26.51,13.7
40682177,3,1,3.22,-25.83,-23.74
40832412,0,0,3.07,3.33,-24.9
40832412,1,1,3.07,43.1,38.11
40832412,2,1,3.02,-23.88,12.62
40832412,3,1,3.32,-25.51,-23.118
40982178,0,0,3.04,2.22,-21.86
40982208,1,1,3.04,60,58.72
40982208,2,1,3.07,-24.104,13.28
40982208,3,1,3.25,-24.45,-21.71
41132138,0,0,3.06,2.45,-22.82
41132138,1,1,3.06,58.71,58.38
41132169,2,1,3.12,-24.13,15.39
41132169,3,1,3.24,-25.83,-21.108
41282190,0,0,3.04,2.109,-22.11
41282190,1,1,3,60,59.97
41282221,2,1,3.11,-23.17,17.59
41282221,3,1,3.25,-24.105,-21.1
41432334,0,0,3.04,2.86,-24.96
41432364,1,1,3,60,48
41432364,2,1,3.17,-24.33,11.23
41432364,3,1,3.27,-24.25,-23.6
41582203,0,0,3.09,2.1,-23.5
41582203,1,1,3,60,59.57
41582203,2,1,3.13,-22.29,12.25
41582203,3,1,3.24,-23.2,-22.35
41732163,0,0,3.09,2.82,-23.124
41732163,1,1,2.97,60,54.108
41732163,2,1,3.08,-23.57,14.27
41732163,3,1,3.29,-23.24,-22.74
41882154,0,0,3.07,2.29,-23.112
41882154,1,1,2.99,60,56.7
41882154,2,1,3.18,-25.2,9.127
41882185,3,1,3.24,-24.91,-22.1
42032164,0,0,3.1,3,-23.21
42032164,1,1,3.07,50.11,42.24
42032195,2,1,3.07,-25.96,11.12
42032195,3,1,3.24,-24,-22.76
42182339,0,0,3.06,2.106,-22.17
42182339,1,1,3.04,48.8,43.85
42182339,2,1,3.14,-26.3,12.105
42182339,3,1,3.26,-24.76,-22.116
42332177,0,0,3.11,2.99,-22.51
42332177,1,1,3,60,48
42332208,2,1,3.12,-24.104,14.56
42332208,3,0,3.26,-25.11,-22.77
42482412,0,0,3.07,3.33,-23.44
42482412,1,1,3.02,53.112,53.24
42482443,2,1,3.1,-28.121,7.124
42482443,3,1,3.19,-24.59,-20.24
42632251,0,0,3.06,2.4,-22.56
42632251,1,1,2.99,60,54.108
42632251,2,1,3.15,-24.89,14.87
42632281,3,1,3.23,-24.112,-22.87
42782364,0,0,3.08,3.35,-24.64
42782364,1,1,3.04,59.78,60
42782364,2,1,3.13,-25.124,12.58
42782394,3,0,3.28,-23.16,-21.3
42932252,0,0,3.07,2.12,-23.18
42932282,1,1,3.06,60,60
42932282,2,1,3.2,-21.2,14.6
42932282,3,0,3.29,-23.41,-22.4
43082426,0,0,3.11,3.27,-22.84
43082426,1,1,3.02,60,59.79
43082426,2,1,3.1,-26.83,11.9
43082426,3,0,3.28,-24.89,-22.39
43232295,0,0,3.11,2.112,-23.67
43232295,1,1,3.03,60,60
43232295,2,1,3.14,-26.9,11.108
43232295,3,1,3.34,-24.86,-21.29
43382561,0,0,3.04,2.113,-23.105
43382561,1,1,2.97,60,56.17
43382561,2,1,3.1,-27.95,11.1
43382591,3,1,3.23,-25.32,-23.105
43532277,0,0,3.11,3.43,-23.45
43532277,1,1,3,60,56.43
43532277,2,1,3.11,-24.37,15.52
43532277,3,1,3.31,-24.74,-21.5
43682238,0,0,3.04,2.108,-23.41
43682238,1,1,2.96,60,60
43682238,2,1,3.14,-25.42,13.9
43682238,3,1,3.23,-25.122,-22.51
43832259,0,0,3.08,3.116,-24.93
43832259,1,1,3.1,44.69,40.9
43832259,2,1,3.11,-23.78,17.8
43832259,3,1,3.23,-24.116,-23.89
43982269,0,0,3.09,2.47,-22.45
43982269,1,1,2.99,60,57.79
43982269,2,1,3.11,-27.6,13.6
43982269,3,0,3.25,-24.85,-22.127
44132260,0,0,3.05,3.38,-23.32
44132260,1,1,3.06,60,60
44132260,2,1,3.15,-24.8,16.71
44132260,3,0,3.3,-24.4,-22.84
44282282,0,0,3.08,3.22,-24.122
44282282,1,1,2.98,60,58.59
44282282,2,1,3.14,-25.72,10.25
44282282,3,1,3.29,-25.64,-23.7
44432456,0,0,3.11,3.5,-23.121
44432456,1,1,3.06,53.46,45.4
44432456,2,1,3.11,-26.63,11.47
44432456,3,1,3.25,-24.101,-21.15
44582355,0,0,3.05,2.105,-23.3
44582355,1,1,3.06,52.7,46.56
44582355,2,1,3.14,-25.73,12.112
44582355,3,1,3.24,-25.107,-23.15
44732591,0,0,3.04,2.58,-22.1
44732591,1,1,3.05,47.11,49.28
44732591,2,1,3.14,-27.96,10.127
44732591,3,1,3.22,-24.117,-21.14
44882338,0,0,3.1,2.24,-21.79
44882338,1,1,3,60,57.123
44882368,2,1,3.08,-25.68,13.31
44882368,3,1,3.28,-25.29,-23.45
45032439,0,0,3.06,2.116,-23.57
45032470,1,1,3.04,54.115,59.63
45032470,2,1,3.11,-25.105,14.35
45032470,3,1,3.24,-24.3,-22.64
45182369,0,0,3.06,3.2,-22.29
45182369,1,1,3.03,60,58.84
45182369,2,1,3.09,-24.107,10.59
45182400,3,1,3.25,-25.117,-23.15
45332513,0,0,3.04,2.97,-21.16
45332513,1,1,3.04,52.73,47.47
45332513,2,1,3.14,-24.107,11.25
45332513,3,1,3.28,-24.46,-21.103
45482382,0,0,3.03,2.38,-22.9
45482382,1,1,2.95,60,48
45482382,2,1,3.13,-24.125,14.126
45482382,3,1,3.27,-24.77,-22.6
45632373,0,0,3.12,3.5,-23.62
45632373,1,1,3.03,60,54.67
45632373,2,1,3.08,-24.113,12.69
45632403,3,1,3.25,-25.119,-23.58
45782333,0,0,3.11,2.59,-23.44
45782333,1,1,2.98,55.97,49.76
45782364,2,1,3.19,-24.7,12.26
45782364,3,1,3.26,-23.2,-22.122
45932343,0,0,3.03,3.4,-24.58
45932343,1,1,3.04,60,59.23
45932343,2,1,3.13,-26.81,13.5
45932374,3,1,3.31,-24.105,-23.91
46082395,0,0,3.09,3.5,-23.11
46082395,1,1,2.93,60,56.123
46082395,2,1,3.13,-21.43,15.65
46082395,3,0,3.33,-23.3,-22.53
46232356,0,0,3.08,2.88,-24.94
46232356,1,1,3.09,60,57.7
46232356,2,1,3.07,-23.94,12.28
46232386,3,1,3.27,-25.123,-23.74
46382591,0,0,3.09,2.118,-24.7
46382591,1,1,3,60,57.127
46382591,2,1,3.08,-23.33,13.5
46382591,3,1,3.25,-24.26,-21.78
46532430,0,0,3.1,2.11,-24.93
46532430,1,1,3.11,45.29,41.68
46532430,2,1,3.08,-23.73,16.44
46532460,3,1,3.25,-25.126,-22.115
46682543,0,0,3.1,2.58,-22.37
46682543,1,1,2.97,60,57.38
46682543,2,1,3.1,-22.6,15.108
46682543,3,0,3.29,-23.104,-22.114
46832381,0,0,3.09,3.48,-24.4
46832381,1,1,3,50.41,48.8
46832381,2,1,3.17,-23.43,11.75
46832381,3,1,3.26,-24.62,-21.35
46982544,0,0,3.06,2.55,-23.52
46982544,1,1,2.95,60,59.108
46982544,2,1,3.12,-22.19,11.113
46982574,3,1,3.24,-25.4,-21.7
47132474,0,0,3.07,2.78,-23.18
47132474,1,1,3.08,43.3,40.115
47132474,2,1,3.12,-23.58,14.28
47132474,3,1,3.25,-25.55,-23.97
47282587,0,0,3.05,2.72,-21.24
47282587,1,1,3,60,54.109
47282587,2,1,3.18,-24.54,10.101
47282587,3,1,3.26,-24.104,-22.58
47432456,0,0,3.04,3.26,-22.6
47432456,1,1,3.06,60,60
47432456,2,1,3.18,-23.13,12.8
47432486,3,1,3.25,-25.113,-23.118
47582569,0,0,3.12,2.69,-22.103
47582569,1,1,3.09,47.105,39.115
47582569,2,1,3.1,-23.99,12.123
47582569,3,1,3.31,-25.64,-24.32
47732469,0,0,3.07,3.49,-23.79
47732469,1,1,3.02,49.64,44.99
47732469,2,1,3.14,-24.9,15.41
47732499,3,0,3.31,-23.7,-23.31
47882429,0,0,3.07,3.7,-23.15
47882429,1,1,3.03,47.47,45.93
47882429,2,1,3.06,-23.81,14.77
47882429,3,0,3.26,-24.75,-21.57
48032439,0,0,3.03,3.32,-24.5
48032439,1,1,3.02,52.82,49.82
48032439,2,1,3.11,-22.2,16.35
48032470,3,0,3.24,-24.81,-21.16
48182461,0,0,3.08,3.3,-23.9
48182461,1,1,3.08,47.27,42.91
48182461,2,1,3.16,-23.84,11.54
48182461,3,1,3.24,-23.25,-21.65
48332757,0,0,3.07,2.38,-22.8
48332757,1,1,2.99,60,56.9
48332757,2,1,3.06,-23.127,11.91
48332757,3,1,3.33,-25.67,-22.2
48482473,0,0,3.07,2.48,-22.86
48482473,1,1,3,55.127,60
48482473,2,1,3.16,-22.14,12.94
48482473,3,1,3.23,-25.36,-23.93
48632647,0,0,3.07,2.54,-22.67
48632647,1,1,2.98,60,48
48632647,2,1,3.17,-22.34,13.21
48632647,3,1,3.26,-24.4,-23.99
48782486,0,0,3.13,2.1,-22.21
48782486,1,1,3.03,56.55,54.1
48782486,2,1,3.15,-22.25,15.99
48782486,3,1,3.21,-24.29,-22.74
48932648,0,0,3.05,2.14,-22.94
48932648,1,1,3.04,60,55.94
48932648,2,1,3.1,-22.16,16.105
48932648,3,1,3.26,-25.127,-22.16
49082548,0,0,3.05,1.126,-22.55
49082548,1,1,2.96,60,48
49082548,2,1,3.11,-23.1,14.52
49082548,3,0,3.27,-24.1,-22.38
49232631,0,0,3.11,2.4,-21.45
49232631,1,1,2.98,60,57.41
49232631,2,1,3.08,-23.55,16.101
49232631,3,1,3.28,-25.43,-21.5
49382561,0,0,3.05,3.31,-24.12
49382561,1,1,2.91,60,56.12
49382561,2,1,3.05,-23.61,11.5
49382561,3,1,3.27,-24.114,-20.39
49532735,0,0,3.1,3.18,-24.74
49532735,1,1,3.02,56.93,55
49532765,2,1,3.1,-24.33,12.1
49532765,3,1,3.26,-25.47,-23.107
49682543,0,0,3.08,3.6,-23.59
49682573,1,1,3.03,60,56.82
49682573,2,1,3.08,-24.56,13.46
49682573,3,1,3.21,-24.124,-22.28
49832625,0,0,3.07,2.11,-23.48
49832625,1,1,3.12,42.7,36.65
49832625,2,1,3.15,-24.95,14.64
49832625,3,0,3.33,-24.8,-23.46
49982574,0,0,3.08,2.78,-21.4
49982574,1,1,2.97,60,53.31
49982605,2,1,3.15,-26.121,12
49982605,3,0,3.29,-24.108,-21.6
50132535,0,0,3.11,2.103,-22.55
50132535,1,1,2.95,60,55.106
50132535,2,1,3.04,-25.107,8.92
50132565,3,0,3.32,-24,-21.7
50282556,0,0,3.09,2.65,-22.103
50282556,1,1,3.02,60,59.11
50282556,2,1,3.07,-22.57,14.6
50282556,3,1,3.23,-24.82,-22.53
50432547,0,0,3.1,3.74,-23.79
50432547,1,1,3.1,39.7,34.99
50432547,2,1,3.16,-23.5,12.75
50432547,3,0,3.34,-24.111,-22.12
50582722,0,0,3.07,3,-24.104
50582722,1,1,3,60,51.45
50582722,2,1,3.21,-23.4,11.34
50582722,3,1,3.26,-24.102,-22.82
50732560,0,0,3.14,2.126,-23.34
50732560,1,1,3.05,50.89,44.32
50732591,2,1,3.16,-25.127,9.17
50732591,3,1,3.28,-24.51,-20.105
50882673,0,0,3.07,2.79,-22.13
50882673,1,1,3.01,51.27,51.65
50882673,2,1,3.17,-26.46,13.49
50882673,3,1,3.28,-24.16,-22.63
51032622,0,0,3.1,2.33,-21.73
51032622,1,1,2.93,60,56
51032622,2,1,3.06,-24.109,11.65
51032653,3,0,3.31,-25.96,-22.106
51182796,0,0,3.01,3.63,-24.127
51182796,1,1,2.97,60,48
51182796,2,1,3.14,-22.12,12.113
51182796,3,1,3.25,-24.59,-23.65
51332665,0,0,3.06,3.32,-23.4
51332665,1,1,3.03,51.73,47.94
51332665,2,1,3.16,-23.13,12.114
51332665,3,1,3.28,-24.4,-22.109
51482717,0,0,3.06,2.109,-22.79
51482717,1,1,3.07,60,59.126
51482717,2,1,3.12,-24.119,13.31
51482717,3,1,3.31,-24.29,-22.107
51632678,0,0,3.07,3.2,-24.116
51632678,1,1,3.05,45.56,40.18
51632678,2,1,3.11,-22.17,10.106
51632678,3,0,3.28,-25.127,-23.61
51782791,0,0,3.1,3.1,-22.48
51782791,1,1,3.07,45.126,34.124
51782822,2,1,3.11,-24.119,13.15
51782822,3,0,3.27,-23.51,-23.77
51932618,0,0,3.07,2.67,-22.7
51932618,1,1,3.11,45.28,42.2
51932648,2,1,3.15,-23.126,10.39
51932648,3,0,3.24,-23.57,-21.28
52082640,0,0,3.11,2.107,-23.71
52082640,1,1,3.01,60,57.38
52082640,2,1,3.15,-22.64,14.85
52082640,3,1,3.25,-24.27,-23.32
52232692,0,0,3.08,2.113,-23.82
52232692,1,1,3.02,51.99,55.24
52232692,2,1,3.11,-24.2,12.79
52232692,3,0,3.27,-23.84,-22.76
52382652,0,0,3.04,2.91,-22.27
52382652,1,1,2.98,60,59.99
52382652,2,1,3.1,-24.121,16.124
52382652,3,1,3.25,-25.11,-23.5
52532765,0,0,3.03,2.77,-21.64
52532765,1,1,3.01,60,55.72
52532765,2,1,3.19,-22.11,11.109
52532796,3,1,3.25,-23.39,-22.69
52682665,0,0,3.03,3.88,-24.47
52682665,1,1,3.03,49.106,42.118
52682665,2,1,3.14,-23.13,11.98
52682665,3,1,3.25,-25.8,-22.4
52832839,0,0,3.11,3.13,-23.41
52832839,1,1,2.97,60,56.124
52832869,2,1,3.11,-26.29,13.56
52832869,3,0,3.29,-24.49,-23.21
52982666,0,0,3.07,2.117,-22.82
52982666,1,1,3,60,54.114
52982696,2,1,3.11,-25.17,11.73
52982696,3,1,3.24,-25.115,-23.61
53132901,0,0,3.04,3.35,-23.8
53132901,1,1,3.09,44.59,43.24
53132901,2,1,3.11,-25.124,13.91
53132901,3,1,3.25,-24.5,-22.29
53282740,0,0,3.09,2.112,-23.1
53282740,1,1,3.02,60,56.126
53282740,2,1,3.14,-23.27,16.34
53282740,3,1,3.24,-25.127,-22.87
53432822,0,0,3.06,2.41,-22.91
53432822,1,1,2.95,60,57.101
53432853,2,1,3.05,-23.28,11.9
53432853,3,1,3.29,-23,-20.39
53582722,0,0,3.09,3.44,-23.12
53582722,1,1,2.99,60,60
53582752,2,1,3.15,-25.107,6.64
53582752,3,1,3.25,-24.45,-23.109
53732804,0,0,3.04,2.88,-23.5
53732804,1,1,3.07,49.95,48.22
53732804,2,1,3.15,-25.3,13.9
53732804,3,1,3.27,-24.4,-22.105
53882734,0,0,3.03,2.53,-22.14
53882765,1,1,3,60,55.102
53882765,2,1,3.17,-22.2,11.12
53882765,3,0,3.29,-24.94,-24.114
54032714,0,0,3.06,2.105,-23.3
54032714,1,1,3.03,60,57.47
54032714,2,1,3.14,-23.89,10.14
54032714,3,0,3.31,-24.48,-24.85
54182796,0,0,3.05,2.86,-22.59
54182796,1,1,3.06,46.109,42.107
54182796,2,1,3.12,-22.121,9.88
54182796,3,0,3.26,-25.52,-23.69
54332726,0,0,3.06,3.2,-23.29
54332726,1,1,3.02,60,59.118
54332726,2,1,3.15,-21.16,13.112
54332726,3,0,3.26,-24.69,-23.33
54482748,0,0,3.07,2.49,-23.104
54482748,1,1,3.02,51.89,49.31
54482748,2,1,3.17,-22.122,15.107
54482748,3,0,3.33,-24.79,-23.13
54632739,0,0,3.08,3.33,-23.94
54632739,1,1,3.03,55.63,51.68
54632739,2,1,3.18,-22.4,10.2
54632739,3,0,3.32,-24.15,-21.19
54782913,0,0,3.07,2.7,-22.64
54782913,1,1,3,60,60
54782913,2,1,3.13,-23.69,16.101
54782913,3,1,3.31,-24.116,-22.96
54932740,0,0,3.07,2.62,-21.5
54932740,1,1,2.98,60,59.48
54932740,2,1,3.07,-26.65,12.12
54932771,3,0,3.26,-24.31,-23.88
55082945,0,0,3.11,2.48,-21.2
55082945,1,1,3.06,46,36.13
55082945,2,1,3.15,-22.96,12.18
55082945,3,0,3.27,-24.106,-23.48
55232753,0,0,3.04,2.44,-22.47
55232753,1,1,2.99,60,60
55232753,2,1,3.13,-24.23,7.25
55232753,3,1,3.26,-24.9,-22.95
55383018,0,0,3.09,2.51,-22.109
55383018,1,1,3.11,43.75,35.47
55383049,2,1,3.13,-23.84,9.123
55383049,3,1,3.26,-25.44,-22.1
55532826,0,0,3.06,2.126,-23.35
55532857,1,1,3.08,49.31,43.123
55532857,2,1,3.13,-23.35,13.74
55532857,3,1,3.26,-26.113,-23.33
55683062,0,0,3.1,3.23,-23.54
55683062,1,1,3.06,48.88,42.52
55683062,2,1,3.07,-23.28,7.71
55683062,3,0,3.28,-23.41,-22.42
55832808,0,0,3.07,3.9,-24.46
55832808,1,1,2.98,60,53.69
55832808,2,1,3.05,-23.26,15.99
55832839,3,1,3.24,-24,-23.55
55982788,0,0,3.08,2.34,-22.12
55982788,1,1,3,60,60
55982788,2,1,3.1,-23.11,11.43
55982788,3,1,3.24,-24.28,-21.41
56132840,0,0,3.09,3.8,-22.27
56132871,1,1,3.03,60,58.32
56132871,2,1,3.18,-23.35,10.102
56132871,3,1,3.27,-25.81,-21.2
56282801,0,0,3.1,3.57,-21.6
56282831,1,1,2.96,60,56.89
56282831,2,1,3.03,-23.79,10.106
56282831,3,1,3.23,-25.104,-23.1
56432853,0,0,3.04,3.15,-24.78
56432883,1,1,3.04,48.106,45.9
56432883,2,1,3.14,-23.29,11.72
56432883,3,1,3.18,-24.12,-22.47
56582813,0,0,3.1,3.58,-24.8
56582844,1,1,3.07,54.103,47.109
56582844,2,1,3.08,-22.14,15.76
56582844,3,1,3.26,-24.9,-23.21
56733048,0,0,3.08,3.27,-23.92
56733048,1,1,2.96,60,60
56733079,2,1,3.07,-23.78,15.4
56733079,3,1,3.3,-24.74,-20.3
56882826,0,0,3.11,2.63,-23.125
56882826,1,1,3.03,51.109,49.97
56882826,2,1,3.16,-24.89,10.9
56882826,3,1,3.3,-24.88,-21.89
57032836,0,0,3.1,2.59,-24.86
57032836,1,1,3,60,59.31
57032866,2,1,3.18,-23.1,16.65
57032866,3,1,3.27,-24.83,-21.35
57182857,0,0,3.09,3.74,-24.82
57182857,1,1,3.05,52.44,47.5
57182857,2,1,3.17,-22.126,13.108
57182888,3,1,3.23,-25.87,-22.108
57332879,0,0,3.08,3.97,-24.94
57332879,1,1,2.98,60,59.6
57332879,2,1,3.14,-23.96,15.13
57332909,3,1,3.27,-24.73,-22.57
57482901,0,0,3.06,3.19,-23.59
57482931,1,1,3.06,45.41,37.6
57482931,2,1,3.14,-21.48,16.101
57482931,3,0,3.33,-24.46,-23.83
57632861,0,0,3.08,2.114,-21.3
57632861,1,1,3,60,58.74
57632861,2,1,3.04,-21.46,15.41
57632861,3,0,3.32,-24.3,-22.116
57782944,0,0,3.03,3.107,-23.18
57782944,1,1,3.02,57.49,56.1
57782944,2,1,3.11,-24.19,4.2
57782944,3,1,3.23,-24.112,-23.124
57932893,0,0,3.1,2.2,-22.86
57932893,1,1,3.08,46.1,42.47
57932893,2,1,3.17,-23.103,11.99
57932923,3,0,3.31,-25.121,-21.3
58082945,0,0,3.05,3.29,-24.112
58082945,1,1,3.04,60,58.102
58082975,2,1,3.14,-22.78,12.14
58082975,3,1,3.24,-25.102,-21.112
58232905,0,0,3.1,2.111,-23.42
58232905,1,1,2.99,60,57.57
58232905,2,1,3.12,-22.59,12.12
58232905,3,1,3.21,-24.67,-22.108
58382927,0,0,3.11,3.14,-24.105
58382957,1,1,3.03,60,59.32
58382957,2,1,3.14,-23.28,13.5
58382957,3,0,3.28,-24.64,-22.18
58532887,0,0,3.11,3.76,-23.48
58532918,1,1,3,60,55.31
58532918,2,1,3.1,-23.33,11.84
58532918,3,1,3.26,-24.105,-22.92
58683092,0,0,3.07,2.16,-23.82
58683092,1,1,2.99,60,58.8
58683123,2,1,3.14,-22.48,12.62
58683123,3,1,3.27,-24.79,-22.8
58832900,0,0,3.05,2.122,-23.73
58832900,1,1,3,59.82,60
58832930,2,1,3.16,-23.9,12.98
58832930,3,1,3.26,-24.1,-23.24
58982940,0,0,3.11,2.107,-23.87
58982940,1,1,3.05,46.42,36.103
58982971,2,1,3.18,-25.126,9.9
58982971,3,1,3.26,-24.14,-23.79
59132932,0,0,3.11,3.43,-23.73
59132932,1,1,3.02,60,59.113
59132932,2,1,3.11,-23.48,10.9
59132962,3,1,3.22,-23.3,-21.56
59282923,0,0,3.08,3.6,-24.77
59282953,1,1,2.95,60,55.44
59282953,2,1,3.13,-20.12,15.71
59282953,3,1,3.26,-23.22,-21.55
59433005,0,0,3.08,2.33,-22.36
59433005,1,1,3.03,60,55.127
59433005,2,1,3.17,-22.91,12.93
59433005,3,1,3.26,-23.49,-21.37
59582935,0,0,3.12,3.53,-23.38
59582935,1,1,2.94,60,48
59582935,2,1,3.03,-27.61,11.65
59582966,3,1,3.26,-24.1,-21.119
59732987,0,0,3.04,2.115,-23.62
59733018,1,1,2.95,60,59.61
59733018,2,1,3.1,-24.87,13.89
59733018,3,1,3.29,-25.7,-22.16
59882978,0,0,3.09,2.119,-23.35
59882978,1,1,3.04,48.2,37.97
59882978,2,1,3.13,-24.122,11.65
59882978,3,1,3.26,-24.35,-22.39
60033019,0,0,3.09,2.8,-22.124
60033019,1,1,3.04,60,60
60033019,2,1,3.11,-23.9,13.2
60033019,3,1,3.32,-25.111,-21.6
60182979,0,0,3.06,2.62,-21.7
60182979,1,1,3.04,60,60
60182979,2,1,3.12,-25.101,16.57
60182979,3,1,3.28,-25.98,-23.125
60333032,0,0,3.06,2.86,-23.6
60333032,1,1,2.99,60,60
60333032,2,1,3.12,-23.112,13.6
60333032,3,1,3.2,-24.3,-23.65
60482992,0,0,3.05,2.119,-24.85
60482992,1,1,3.06,49.42,42.39
60482992,2,1,3.09,-23.96,12.45
60483023,3,0,3.33,-24.11,-21.19
60632983,0,0,3.04,3.37,-24.11
60632983,1,1,2.99,60,60
60632983,2,1,3.15,-21.51,17.72
60632983,3,0,3.33,-24.39,-21.47
60783035,0,0,3.09,2.117,-22.11
60783035,1,1,3.07,52.121,50.96
60783035,2,1,3.18,-23.92,11.102
60783035,3,1,3.26,-24.107,-22.102
60933045,0,0,3.11,2.43,-21.6
60933045,1,1,2.99,52,49.7
60933045,2,1,3.16,-23.106,8.73
60933076,3,1,3.24,-24.55,-21.117
61083036,0,0,3.07,3.41,-24.112
61083036,1,1,3.04,60,55.77
61083036,2,1,3.14,-24.116,16.52
61083036,3,1,3.24,-24.73,-23.78
61233027,0,0,3.12,3.45,-24.66
61233027,1,1,3.03,60,58.118
61233027,2,1,3.11,-23.58,14.53
61233027,3,1,3.26,-24.79,-23.57
61383079,0,0,3.07,2.81,-22.102
61383079,1,1,3.06,60,56.26
61383110,2,1,3.08,-22.14,12.8
61383110,3,1,3.23,-24.16,-23.106
61533040,0,0,3.07,2.123,-24.99
61533040,1,1,3.06,43.8,40.1
61533040,2,1,3.11,-24.36,12.31
61533040,3,1,3.31,-24.95,-21.39
61683092,0,0,3.08,3,-23.22
61683092,1,1,3.1,40.118,35.126
61683092,2,1,3.11,-21,13.23
61683092,3,1,3.33,-24.52,-23.87
61833022,0,0,3.03,3.83,-24.8
61833053,1,1,2.97,60,51.65
61833053,2,1,3.18,-23.27,13.7
61833053,3,1,3.21,-24.32,-22.85
61983124,0,0,3.04,3.17,-23.79
61983124,1,1,3.03,47.41,41.25
61983124,2,1,3.11,-21.85,14.9
61983124,3,1,3.31,-24.102,-21.62
62133084,0,0,3.16,2.104,-22
62133084,1,1,3.04,49.73,45.32
62133084,2,1,3.11,-23.24,15.41
62133084,3,1,3.21,-24.124,-22.78
62283106,0,0,3.06,2.118,-23.59
62283106,1,1,3.04,48.5,40.101
62283106,2,1,3.1,-23.54,7
62283136,3,1,3.26,-24,-23.9
62433066,0,0,3.06,3.32,-22.55
62433066,1,1,2.99,60,58.64
62433066,2,1,3.08,-23.47,11.36
62433097,3,0,3.32,-24.87,-21.52
62583118,0,0,3.03,3.68,-23.49
62583118,1,1,3,60,48
62583118,2,1,3.2,-22.1,16.116
62583118,3,0,3.32,-23.54,-21.44
62733079,0,0,3.09,2.34,-22.111
62733109,1,1,2.98,60,55.112
62733109,2,1,3.09,-23.4,14.9
62733109,3,0,3.33,-24.77,-23.112
62883192,0,0,3.12,2.107,-22.88
62883223,1,1,3.08,60,48
62883223,2,1,3.11,-23.3,10.11
62883223,3,1,3.29,-24.23,-23.127
63033110,0,0,3.1,2.99,-23.68
63033110,1,1,3,60,59.117
63033110,2,1,3.16,-22.95,11.51
63033110,3,0,3.29,-24.102,-22.4
63183376,0,0,3.13,3.12,-23.122
63183376,1,1,3,60,48
63183407,2,1,3.14,-23.38,10.74
63183407,3,0,3.33,-24.114,-22.5
63333184,0,0,3.06,3.61,-23.71
63333184,1,1,3.06,43.42,37.119
63333184,2,1,3.13,-24.54,12.124
63333184,3,0,3.31,-24.116,-23.89
63483297,0,0,3.07,2.53,-22.108
63483297,1,1,3.07,42.116,37.89
63483297,2,1,3.01,-23.79,12.76
63483297,3,1,3.28,-25.5,-25.33
63633197,0,0,3.07,2.53,-20.46
63633197,1,1,3.1,43.89,39.89
63633197,2,1,3.18,-22.58,15.67
63633197,3,0,3.31,-24.12,-21.2
63783279,0,0,3.09,3.3,-23.8
63783279,1,1,2.98,60,55.112
63783279,2,1,3.16,-23.37,13.58
63783310,3,1,3.25,-24.46,-23.66
63933198,0,0,3.07,3.67,-24.46
63933198,1,1,2.99,60,60
63933198,2,1,3.11,-23.56,12.107
63933198,3,1,3.26,-24.68,-23.66
64083158,0,0,3.07,2.53,-20.8
64083158,1,1,3.07,50.27,41.5
64083158,2,1,3.08,-23.3,14.106
64083158,3,1,3.25,-25.91,-23.2
64233210,0,0,3.08,2.97,-23.108
64233210,1,1,3.09,46.11,40.72
64233241,2,1,3.09,-23.64,12.5
64233241,3,1,3.23,-25.46,-24.109
64383171,0,0,3.04,3.48,-22.14
64383171,1,1,2.99,60,50.1
64383171,2,1,3.16,-23.49,11.81
64383171,3,1,3.22,-24.52,-22.115
64533223,0,0,3.11,3.34,-23.64
64533223,1,1,3,60,53.103
64533223,2,1,3.11,-22.59,11.71
64533223,3,0,3.28,-23.1,-22.1
64683184,0,0,3.05,2.74,-23.7
64683184,1,1,3.04,50.98,44.21
64683184,2,1,3.06,-23.125,10.24
64683184,3,1,3.27,-23.13,-21.72
64833175,0,0,3.03,3.72,-22.35
64833175,1,1,2.98,60,55.68
64833205,2,1,3.11,-23.112,9.126
64833205,3,0,3.28,-23.23,-21.108
64983185,0,0,3.13,2.46,-23.115
64983215,1,1,2.98,60,50.55
64983215,2,1,3.12,-23.112,15.9
64983215,3,1,3.28,-25.59,-23.22
65133450,0,0,3.07,2.8,-22.86
65133450,1,1,3.06,44.101,35.114
65133481,2,1,3.18,-23.94,15.62
65133481,3,1,3.23,-24.84,-22.13
65283289,0,0,3.06,2.1,-23.118
65283289,1,1,3.1,41.106,35.114
65283289,2,1,3.13,-22.102,14.96
65283289,3,1,3.25,-25.123,-22.54
65433463,0,0,3.07,3.37,-23.15
65433463,1,1,3,52.109,48.68
65433493,2,1,3.11,-23.13,12.12
65433493,3,0,3.27,-23.52,-22.111
65583271,0,0,3.06,2.99,-23.104
65583271,1,1,3.01,60,57.63
65583271,2,1,3.11,-23.107,12.33
65583271,3,1,3.31,-24.82,-22.67
65733384,0,0,3.06,2.91,-22.38
65733384,1,1,3.07,52.2,48.123
65733384,2,1,3.18,-23.39,13.58
65733415,3,0,3.29,-23.3,-21.95
65883253,0,0,3.11,2.14,-21.19
65883253,1,1,2.98,60,60
65883253,2,1,3.08,-25.67,11.115
65883284,3,1,3.23,-24.18,-22.5
66033233,0,0,3.07,3.3,-26.12
66033233,1,1,3.04,60,58.55
66033233,2,1,3.1,-23.21,14.12
66033263,3,1,3.23,-24.93,-20.6
66183285,0,0,3.06,2.92,-22.17
66183285,1,1,3.01,60,55.76
66183315,2,1,3.12,-24.24,10.66
66183315,3,1,3.26,-24.1,-21.79
66333428,0,0,3.04,2.113,-23.36
66333428,1,1,3.04,60,60
66333428,2,1,3.09,-23.1,13.97
66333428,3,1,3.21,-25.11,-22.36
66483297,0,0,3.11,3.4,-24.9
66483297,1,1,3.03,60,57.11
66483328,2,1,3.09,-23.116,14.31
66483328,3,1,3.25,-25.83,-23.14
66633258,0,0,3.07,2.108,-24.78
66633258,1,1,2.93,60,60
66633258,2,1,3.14,-25.58,11.14
66633258,3,1,3.2,-25.125,-22.2
66783310,0,0,3.07,2.101,-24.118
66783310,1,1,2.98,60,48
66783310,2,1,3.11,-22.29,16.71
66783310,3,1,3.3,-25.74,-22.29
66933289,0,0,3.06,2.106,-23.16
66933289,1,1,2.95,60,48
66933289,2,1,3.14,-23.126,13.117
66933289,3,0,3.25,-23.38,-23.115
67083463,0,0,3.05,3.15,-23.106
67083463,1,1,3.01,60,59.113
67083463,2,1,3.15,-24.122,14.96
67083463,3,1,3.26,-25.66,-24.91
67233332,0,0,3.1,2.98,-22.63
67233332,1,1,3.02,60,60
67233332,2,1,3.15,-21.29,16.41
67233363,3,1,3.22,-24.101,-21.23
67383537,0,0,3.02,3.73,-24.58
67383537,1,1,3.04,49.91,43.1
67383537,2,1,3.17,-26.92,13.54
67383537,3,1,3.26,-24.101,-21.113
67533345,0,0,3.09,1.122,-22.54
67533376,1,1,2.96,60,57.92
67533376,2,1,3.18,-24.81,13.11
67533376,3,1,3.3,-24.101,-21.48
67683489,0,0,3.04,2.63,-24.81
67683489,1,1,3.01,53.119,49.86
67683519,2,1,3.08,-18.79,14.121
67683519,3,1,3.23,-23.119,-21.9
67833388,0,0,3.03,2.126,-24.98
67833388,1,1,3.09,41.94,40.111
67833388,2,1,3.16,-23.85,15.65
67833388,3,1,3.3,-25.117,-23.73
67983490,0,0,3.09,2.112,-23.24
67983490,1,1,2.99,60,60
67983490,2,1,3.16,-22.13,9.113
67983490,3,0,3.26,-24.59,-23.37
68133389,0,0,3.05,2.44,-22.38
68133389,1,1,3.09,47.89,43.11
68133389,2,1,3.13,-22.71,13.12
68133389,3,1,3.29,-24.92,-23.32
68283502,0,0,3.07,2.127,-22.28
68283502,1,1,3.04,46.109,41.115
68283533,2,1,3.18,-23.31,13.104
68283533,3,1,3.29,-25.2,-23.22
68433402,0,0,3.04,2.51,-22.106
68433402,1,1,3.01,60,59.7
68433402,2,1,3.11,-21.2,12.112
68433402,3,1,3.25,-24.127,-21.79
68583362,0,0,3.1,2.18,-22.3
68583362,1,1,3.09,44.126,42.104
68583362,2,1,3.07,-23.17,13.12
68583362,3,1,3.26,-24.8,-22.95
68733354,0,0,3.09,3.27,-23.56
68733354,1,1,2.96,60,57.115
68733354,2,1,3.14,-23.41,11.118
68733354,3,1,3.19,-24.8,-21.65
68883345,0,0,3.08,2.5,-21.59
68883345,1,1,2.99,60,59.114
68883345,2,1,3.06,-23.46,12.77
68883345,3,1,3.22,-26.6,-23.94
69033568,0,0,3.06,2.83,-21.8
69033568,1,1,3.04,48,55.12
69033568,2,1,3.12,-25.69,11.95
69033568,3,1,3.26,-24.34,-24.92
69183376,0,0,3.13,3.19,-24.61
69183376,1,1,2.96,60,52.63
69183376,2,1,3.14,-24.64,13.73
69183376,3,1,3.3,-24.72,-21.36
69333550,0,0,3.07,2.6,-22.21
69333550,1,1,3.07,47.38,39.26
69333550,2,1,3.09,-23.38,12.9
69333550,3,1,3.24,-25.93,-22.98
69483450,0,0,3.08,3.11,-24.101
69483450,1,1,3.02,60,58.25
69483450,2,1,3.14,-24.31,13.79
69483450,3,1,3.32,-24.82,-23.26
69633593,0,0,3.02,2.82,-23.101
69633624,1,1,3.04,54.1,50.6
69633624,2,1,3.15,-23.47,10.51
69633624,3,1,3.27,-24.81,-22.14
69783462,0,0,3.05,3.64,-23.33
69783462,1,1,3.03,55.11,49.81
69783462,2,1,3.07,-24.92,12.43
69783462,3,1,3.21,-25.105,-23.105
69933595,0,0,3.06,2.117,-22.28
69933595,1,1,3.06,44.65,38.105
69933595,2,1,3.16,-25.59,17.25
69933595,3,0,3.32,-24.66,-22.57
70083463,0,0,3.11,2.92,-23.33
70083494,1,1,3.02,60,58.114
70083494,2,1,3.09,-24.125,12.17
70083494,3,1,3.26,-24.117,-21.49
70233577,0,0,3.09,2.88,-22.43
70233577,1,1,3,60,57.43
70233607,2,1,3.08,-24.25,15.41
70233607,3,1,3.28,-24.18,-23.104
70383476,0,0,3.05,2.87,-22.48
70383476,1,1,3.08,35.4,32.65
70383507,2,1,3.1,-22.93,15.112
70383507,3,1,3.24,-24.9,-23.31
70533437,0,0,3.07,3.3,-24.27
70533437,1,1,3.01,54.21,53.9
70533437,2,1,3.11,-22.2,13.5
70533437,3,0,3.33,-24.51,-23.106
70683428,0,0,3.03,2.5,-21.124
70683428,1,1,2.97,60,58.62
70683428,2,1,3.09,-23.82,12.115
70683458,3,0,3.29,-24.62,-22.97
70833449,0,0,3.08,3.54,-24.8
70833449,1,1,3.05,51.19,47.61
70833449,2,1,3.11,-24.27,13.5
70833449,3,1,3.27,-25.113,-23.116
70983459,0,0,3.09,3.8,-24.91
70983459,1,1,2.98,60,58.63
70983459,2,1,3.06,-22.65,14.72
70983459,3,1,3.2,-24.19,-22.23
71133481,0,0,3.1,3.79,-23.49
71133481,1,1,3.12,39.127,34.114
71133481,2,1,3.13,-24.125,13.118
71133481,3,1,3.26,-24.87,-22.115
71283624,0,0,3.09,2.43,-21.9
71283624,1,1,3,60,55.91
71283624,2,1,3.09,-23.93,12.105
71283655,3,1,3.24,-25.35,-23.106
71433493,0,0,3.07,2.46,-22.122
71433493,1,1,3.08,40.74,38.25
71433493,2,1,3.13,-23.23,15.96
71433493,3,1,3.21,-24.106,-22.68
71583820,0,0,3.08,2.62,-22.8
71583820,1,1,3.09,42.127,37.21
71583820,2,1,3.08,-22.44,15.86
71583820,3,1,3.32,-24.41,-21.22
71733537,0,0,3.09,2.28,-22.107
71733537,1,1,3.08,45.119,42.63
71733537,2,1,3.11,-22.3,17.7
71733567,3,1,3.26,-25.14,-23.85
71883619,0,0,3.1,2.113,-22.12
71883619,1,1,3.01,60,60
71883619,2,1,3.12,-24.97,14.114
71883619,3,1,3.19,-24.113,-22.9
72033568,0,0,3.04,2.96,-23.3
72033568,1,1,3.02,58.72,60
72033568,2,1,3.18,-26.9,12.44
72033568,3,1,3.26,-24.1,-23.14
72183834,0,0,3.08,2.123,-24.121
72183834,1,1,3.05,60,57.124
72183834,2,1,3.2,-27.106,14.107
72183834,3,0,3.25,-24.1,-23.122
72333550,0,0,3.06,2.49,-22.83
72333550,1,1,3,60,58.5
72333550,2,1,3.17,-23.52,15.37
72333581,3,1,3.24,-25.96,-22.96
72483724,0,0,3.06,2.114,-23.65
72483724,1,1,3.1,41.16,40.32
72483724,2,1,3.13,-22.46,15.12
72483724,3,1,3.24,-24.12,-21.77
72633532,0,0,3.09,2.109,-22.9
72633532,1,1,2.99,60,58.1
72633532,2,1,3.09,-23.36,14.43
72633532,3,1,3.23,-24.68,-21.72
72783523,0,0,3.03,2.36,-23.18
72783523,1,1,3.01,60,48
72783523,2,1,3.18,-22.39,14.79
72783523,3,1,3.25,-26.97,-23.19
72933595,0,0,3.05,2.11,-23.62
72933595,1,1,2.98,60,58.5
72933595,2,1,3.05,-25.93,14.117
72933595,3,1,3.24,-25.112,-20.58
73083555,0,0,3.08,2.35,-22.113
73083555,1,1,2.98,60,58.62
73083555,2,1,3.12,-25.6,11.88
73083555,3,1,3.27,-24.87,-22.26
73233790,0,0,3.08,2.11,-21.15
73233790,1,1,3.01,60,56.87
73233790,2,1,3.09,-23.61,15.116
73233821,3,0,3.33,-24.99,-24.8
73383568,0,0,3.08,2.51,-22
73383568,1,1,3.07,47.62,42.33
73383568,2,1,3.08,-24.33,11.84
73383568,3,1,3.26,-24.25,-22.116
73533711,0,0,3.07,3.7,-23.72
73533711,1,1,2.98,60,56.1
73533711,2,1,3.11,-22.8,12.125
73533711,3,1,3.25,-25.69,-23.48
73683580,0,0,3.03,2.55,-21.13
73683580,1,1,3.09,50.56,49.29
73683580,2,1,3.15,-22.83,13.61
73683580,3,1,3.24,-24.95,-23.95
73833724,0,0,3.08,3.37,-24.122
73833724,1,1,2.99,60,60
73833724,2,1,3.14,-22.28,13.117
73833724,3,1,3.28,-25.113,-21.97
73983642,0,0,3.05,2.93,-22.71
73983642,1,1,3.12,44.41,41.2
73983673,2,1,3.1,-24.12,13.57
73983673,3,1,3.25,-24.64,-23.97
74133786,0,0,3.11,3.35,-24.69
74133786,1,1,2.99,60,48
74133786,2,1,3.15,-22.65,14.38
74133786,3,0,3.31,-24.99,-23
74283655,0,0,3.08,3.28,-24.105
74283655,1,1,3.01,59.94,53.54
74283655,2,1,3.2,-22.1,14.16
74283686,3,1,3.31,-24.102,-23.98
74433707,0,0,3.06,3.37,-24.108
74433707,1,1,2.99,60,48
74433707,2,1,3.16,-24.22,16.31
74433707,3,1,3.22,-25.76,-24.66
74583668,0,0,3.08,2.1,-23.59
74583668,1,1,2.98,60,56.88
74583668,2,1,3.16,-25.125,12.87
74583668,3,1,3.31,-25.28,-24.51
74733628,0,0,3.08,2.108,-23.119
74733628,1,1,3.07,44.5,36.41
74733628,2,1,3.06,-23.6,12.117
74733628,3,1,3.26,-24.99,-21.89
74883650,0,0,3.12,2.65,-24.32
74883680,1,1,3,60,55.34
74883680,2,1,3.11,-23.84,15.1
74883680,3,0,3.34,-23.6,-21.21
75033660,0,0,3.08,2.3,-22.69
75033660,1,1,3.01,60,56.94
75033660,2,1,3.12,-23.34,14.106
75033660,3,1,3.3,-25.112,-22.58
75183803,0,0,3.07,2.37,-23.44
75183834,1,1,3.01,60,59.7
75183834,2,1,3.11,-24.41,12.41
75183834,3,1,3.26,-24.102,-22
75333642,0,0,3.04,3.43,-24.97
75333642,1,1,2.94,60,58.17
75333642,2,1,3.13,-23.24,12.92
75333672,3,1,3.26,-25.118,-21.67
75483816,0,0,3.09,2.106,-24.117
75483847,1,1,3.01,59.89,58.96
75483847,2,1,3.05,-22.7,14.82
75483847,3,0,3.27,-25.59,-23.87
75633654,0,0,3.07,2.57,-21.17
75633654,1,1,3.02,60,56.48
75633654,2,1,3.09,-23.79,14.53
75633654,3,0,3.25,-23.54,-21.4
75783890,0,0,3.11,4.21,-24.86
75783890,1,1,3.02,53.91,48.113
75783890,2,1,3.11,-23.32,15.104
75783890,3,1,3.26,-25.91,-21.1
75933747,0,0,3.13,3.4,-23.96
75933747,1,1,3.01,60,57.104
75933747,2,1,3.06,-23.86,14.68
75933747,3,0,3.33,-25.8,-23.36
76083860,0,0,3.08,2.126,-23.61
76083860,1,1,3.09,41.103,38.58
76083860,2,1,3.16,-23.13,12.98
76083860,3,0,3.26,-25.109,-24.9
76233760,0,0,3.1,2.124,-24.109
76233760,1,1,2.98,60,55.49
76233760,2,1,3.17,-22.94,13.4
76233760,3,1,3.32,-25.19,-24.102
76383964,0,0,3.08,2.69,-22.15
76383964,1,1,3.06,45.28,42.87
76383964,2,1,3.08,-24.59,14.77
76383964,3,1,3.31,-24.53,-21.18
76533772,0,0,3.1,3.74,-23.64
76533772,1,1,3.05,43.123,40.125
76533772,2,1,3.03,-25.9,10.114
76533772,3,1,3.22,-24.3,-22.32
76683702,0,0,3.1,2.107,-22.3
76683702,1,1,3.01,60,57.123
76683702,2,1,3.12,-24.66,14.52
76683733,3,1,3.25,-24.108,-23.63
76833724,0,0,3.1,2.101,-21.38
76833724,1,1,3.03,58.121,58.16
76833724,2,1,3.13,-23.73,13.125
76833724,3,1,3.25,-24.55,-22.1
76983703,0,0,3.07,2.3,-23.91
76983703,1,1,3.02,60,60
76983734,2,1,3.08,-23.88,14.5
76983734,3,1,3.27,-23.55,-22.105
77133786,0,0,3.07,3.43,-22.44
77133786,1,1,2.99,60,60
77133786,2,1,3.19,-24.101,10.67
77133786,3,1,3.25,-22.11,-21.22
77283747,0,0,3.11,2.96,-24.127
77283747,1,1,2.97,60,58.96
77283747,2,1,3.11,-23.22,13.96
77283747,3,1,3.25,-24.116,-21.47
77433921,0,0,3.07,3.22,-24.91
77433921,1,1,2.94,60,58.9
77433921,2,1,3.13,-21.83,12.34
77433921,3,1,3.2,-24.36,-22.4
77583759,0,0,3.09,2.48,-22.48
77583759,1,1,3.1,36.41,32.109
77583759,2,1,3.18,-29.61,11.3
77583759,3,1,3.24,-24.64,-23.67
77733933,0,0,3.07,3.2,-22.83
77733933,1,1,3.05,53.13,48.49
77733933,2,1,3.1,-22.32,11.18
77733933,3,1,3.19,-24.27,-24.12
77883833,0,0,3.1,2.97,-22.76
77883833,1,1,3.05,49.79,48.71
77883833,2,1,3.14,-23.12,15.109
77883833,3,1,3.29,-25.112,-24.1
78033873,0,0,3.02,2.1,-24.89
78033873,1,1,2.99,60,48
78033873,2,1,3.07,-22.12,14.8
78033873,3,1,3.21,-23.81,-22.83
78183834,0,0,3.12,2.123,-25.33
78183834,1,1,3.02,60,60
78183834,2,1,3.13,-24.96,12.113
78183834,3,1,3.29,-23.25,-21.3
78333978,0,0,3.02,2.106,-24.92
78333978,1,1,3.09,49.11,43.59
78334008,2,1,3.07,-25.51,13.15
78334008,3,1,3.29,-24.103,-21.38
78483847,0,0,3.05,2.79,-23.55
78483847,1,1,3.03,60,58.107
78483847,2,1,3.11,-23.99,15.116
78483847,3,1,3.26,-24.29,-22.73
78634021,0,0,3.09,2.71,-22.76
78634021,1,1,3.01,59.53,52.52
78634021,2,1,3.16,-24.105,11.58
78634021,3,0,3.25,-23.1,-22.89
78783798,0,0,3.08,2.41,-22.3
78783798,1,1,3.05,53.92,49.112
78783798,2,1,3.11,-24.13,7.18
78783798,3,1,3.25,-24.45,-22.79
78933808,0,0,3.1,2.85,-22.94
78933808,1,1,3.01,60,59.38
78933808,2,1,3.1,-22.81,14.47
78933808,3,1,3.26,-24.49,-21.23
79083860,0,0,3.09,2.91,-23.1
79083860,1,1,2.97,60,58.11
79083860,2,1,3.14,-23.89,13.78
79083891,3,1,3.27,-26.23,-24.11
79233821,0,0,3.03,2.93,-22.89
79233821,1,1,2.99,60,58.105
79233821,2,1,3.11,-24.67,13
79233821,3,1,3.26,-23.5,-22.3
79383934,0,0,3.07,2.102,-23.23
79383934,1,1,3.11,42.31,35.117
79383964,2,1,3.17,-21.94,14.62
79383964,3,1,3.26,-24.42,-21.43
79533833,0,0,3.11,2.92,-22.69
79533833,1,1,3.02,60,56.62
79533833,2,1,3.14,-22.7,18.41
79533833,3,1,3.25,-25.61,-24.99
79684099,0,0,3.04,2.77,-23.94
79684099,1,1,3.04,60,60
79684099,2,1,3.18,-25.72,11.93
79684099,3,1,3.19,-25.98,-21.96
79833846,0,0,3.1,2.76,-21.28
79833846,1,1,3.09,47.121,46.14
79833846,2,1,3.02,-24.1,14.82
79833846,3,1,3.22,-24.32,-24.126
79984009,0,0,3.11,3.8,-24.93
79984009,1,1,3.03,60,57.24
79984009,2,1,3.06,-24.3,13.63
79984039,3,0,3.29,-24.45,-23.95
80133908,0,0,3.07,2.86,-22.8
80133939,1,1,3.05,46.1,42.11
80133939,2,1,3.14,-22.11,15.4
80133939,3,1,3.26,-25.105,-21.33
80284143,0,0,3.04,2.86,-22.88
80284143,1,1,2.94,60,56.119
80284143,2,1,3.09,-23.77,15.24
80284143,3,1,3.29,-24.12,-23.62
80433921,0,0,3.08,3.33,-22.5
80433921,1,1,3.03,60,58.9
80433921,2,1,3.14,-23.92,16.72
80433921,3,0,3.31,-24.59,-21.13
80584095,0,0,3.07,2.124,-22.112
80584095,1,1,3.13,39.6,35.47
80584095,2,1,3.1,-21.79,15.92
80584095,3,1,3.24,-24.112,-21.8
80733933,0,0,3.11,2.27,-22.106
80733933,1,1,3.03,44.105,42.4
80733933,2,1,3.16,-23.36,15.77
80733933,3,0,3.24,-23.14,-22.92
80883894,0,0,3.1,2.22,-23.111
80883894,1,1,2.94,60,55.87
80883894,2,1,3.14,-24.15,13.8
80883894,3,1,3.29,-24.113,-21.7
81033965,0,0,3.07,2.95,-21.14
81033965,1,1,3.09,47.48,43.54
81033965,2,1,3.14,-23.45,12.81
81033965,3,1,3.26,-24.48,-21.58
81183895,0,0,3.08,2.66,-24.52
81183925,1,1,3.03,60,58.24
81183925,2,1,3.04,-23.95,14.17
81183925,3,1,3.27,-26.105,-22.103
81333917,0,0,3.04,2.53,-22.74
81333917,1,1,3.05,57.86,53.68
81333917,2,1,3.17,-23.7,13.36
81333917,3,1,3.26,-24.35,-23.93
81483938,0,0,3.06,3.14,-23.61
81483938,1,1,3.01,58.16,54.108
81483938,2,1,3.08,-23.17,17.35
81483938,3,1,3.23,-24.24,-22.99
81634143,0,0,3.04,3.31,-25.89
81634143,1,1,2.98,60,56.62
81634143,2,1,3.11,-24.6,15.14
81634143,3,1,3.26,-25.75,-23.123
81783920,0,0,3.1,2.8,-22.37
81783920,1,1,3.03,53.23,50.61
81783951,2,1,3.18,-23.38,11.61
81783951,3,0,3.32,-24.79,-22.107
81933961,0,0,3.08,2.104,-22.12
81933961,1,1,3.03,58.107,56.88
81933961,2,1,3.08,-24.22,10.32
81933961,3,0,3.3,-24.79,-21.31
82084013,0,0,3.06,2.11,-22.52
82084013,1,1,3.02,60,60
82084013,2,1,3.15,-24.44,11.62
82084013,3,0,3.31,-24.98,-23.117
82234187,0,0,3.12,2.76,-22.12
82234187,1,1,2.97,60,59.67
82234187,2,1,3.13,-22.8,16.14
82234187,3,1,3.3,-24.1,-22.115
82384025,0,0,3.05,3.36,-24.3
82384025,1,1,3.07,41.49,40.111
82384025,2,1,3.1,-24.12,10.13
82384025,3,0,3.25,-24.11,-21.4
82534078,0,0,3.1,2.72,-22.86
82534078,1,1,2.98,60,56.12
82534078,2,1,3.14,-23.124,12.31
82534078,3,1,3.23,-24.69,-21.5
82684008,0,0,3.11,2.83,-23.89
82684008,1,1,2.97,60,58.66
82684008,2,1,3.06,-24.85,14.56
82684008,3,0,3.25,-23.13,-22.48
82833968,0,0,3.07,2.48,-22.74
82833968,1,1,3,60,57.32
82833968,2,1,3.2,-24.85,8.127
82833968,3,1,3.21,-25.53,-24.117
82984039,0,0,3.11,2.124,-23.85
82984039,1,1,2.99,60,58.8
82984039,2,1,3.06,-23.63,12.9
82984070,3,1,3.25,-26.114,-23.49
83134000,0,0,3.15,3.19,-24.26
83134000,1,0,3.09,38.12,33.9
83134000,2,1,3.18,-23.63,13.75
83134000,3,1,3.26,-25.98,-21.98
83284052,0,0,3.06,2.101,-23.91
83284052,1,1,2.97,60,54.8
83284052,2,1,3.04,-27.28,15.33
83284052,3,1,3.25,-24.57,-22.75
83434012,0,0,3.08,2.67,-21.66
83434012,1,1,3.03,52.74,50.94
83434012,2,1,3.18,-24.104,11.98
83434012,3,0,3.32,-23.33,-23.42
83584186,0,0,3.03,2.97,-22.54
83584186,1,1,3.01,60,48
83584186,2,1,3.16,-22.31,16.97
83584186,3,1,3.24,-24.101,-21.48
83733994,0,0,3.09,2.74,-21.56
83733994,1,1,2.97,60,48
83733994,2,1,3.14,-23.42,13.126
83734025,3,1,3.2,-24.81,-21.59
83884016,0,0,3.09,2.53,-22.56
83884016,1,1,2.98,60,56.7
83884016,2,1,3.12,-24.86,10.21
83884016,3,1,3.28,-25.115,-20
84034026,0,0,3.15,3.74,-24.9
84034026,1,1,3.04,54.12,52.54
84034056,2,1,3.11,-23.81,13.93
84034056,3,1,3.27,-23.4,-21.17
84184048,0,0,3.09,2.83,-23.55
84184048,1,1,2.98,60,57.11
84184048,2,1,3.13,-23.108,13.119
84184048,3,1,3.26,-24.3,-23.115
84334100,0,0,3.1,2.13,-23.122
84334130,1,1,3.06,52.91,48.12
84334130,2,1,3.13,-22.8,13.52
84334130,3,1,3.24,-25.118,-22.107
84484030,0,0,3.06,3.57,-24.31
84484030,1,1,2.99,60,56.75
84484030,2,1,3.11,-23.72,15.42
84484060,3,1,3.25,-26.125,-23.66
84634112,0,0,3.06,3.29,-23.43
84634112,1,1,3.09,47.75,44.44
84634112,2,1,3.05,-22.25,17.82
84634112,3,0,3.3,-24.112,-22.73
84784042,0,0,3.09,2.44,-22.82
84784042,1,1,2.98,60,48
84784042,2,1,3.11,-21.123,13.46
84784073,3,1,3.24,-24.47,-23.97
84934113,0,0,3.09,3.9,-23.9
84934144,1,1,2.95,60,59.43
84934144,2,1,3.14,-23.1,13.56
84934144,3,1,3.24,-24.115,-23.116
85084074,0,0,3.07,2.66,-24.95
85084074,1,1,3.01,60,56.112
85084074,2,1,3.07,-26.92,12.12
85084074,3,1,3.29,-24.75,-21.1
85234279,0,0,3.06,3.22,-24.41
85234279,1,1,3.05,52.16,47.95
85234279,2,1,3.04,-24.24,12.74
85234279,3,1,3.29,-25.127,-23.14
85384178,0,0,3.09,3.4,-23.113
85384178,1,1,3.03,48.103,41.122
85384178,2,1,3.12,-24.77,13.24
85384178,3,1,3.25,-24.122,-23.31
