timestamp[us],anchor_id,nlos,distance[m],azimuth[deg],elevation[deg]
99624866,0,0,3.3,33.126,-9.28
99624866,1,1,3.08,25.63,60
99624866,2,1,3.5,13.23,-16.127
99624866,3,0,3.49,16.77,-20.9
99784470,0,0,2.94,11.47,-29.11
99784500,1,0,2.79,14.63,13.34
99784500,2,0,2.93,-25.39,15.15
99784500,3,0,3.09,-22.21,-26
99934693,0,0,2.9,10.27,-33.61
99934693,1,0,2.76,14.48,13.15
99934693,2,1,2.89,-24.9,13.21
99934693,3,0,3.19,-22.52,-24.11
100084532,0,0,2.92,10.84,-32.29
100084532,1,0,2.8,14.48,12.114
100084532,2,1,2.93,-25.43,15.65
100084532,3,0,3.15,-22.18,-25.68
100234736,0,0,2.89,11.6,-32.67
100234736,1,0,2.79,13.75,12.111
100234736,2,0,2.9,-27.55,13.82
100234736,3,0,3.15,-22.75,-28.52
100384575,0,0,2.93,12.103,-28.53
100384575,1,0,2.74,14.6,13.118
100384575,2,1,2.89,-26.1,15.32
100384605,3,0,3.13,-20.11,-23
100534657,0,0,2.91,10.66,-34.3
100534657,1,0,2.81,13.1,13.56
100534688,2,0,2.92,-25.27,15.111
100534688,3,0,3.1,-21.94,-28.101
100684648,0,0,2.92,12.6,-29.27
100684648,1,0,2.75,14.24,13.82
100684648,2,1,2.88,-26.126,15.26
100684648,3,0,3.11,-21.18,-24.25
100834548,0,0,2.95,13.5,-29.64
100834548,1,0,2.78,14.119,12.91
100834548,2,0,2.94,-26.23,12.119
100834548,3,0,3.12,-22.75,-26.79
100984619,0,0,2.94,11.12,-31.4
100984619,1,0,2.8,15.64,12.82
100984619,2,1,2.88,-25.13,12.97
100984619,3,0,3.13,-22.87,-26.77
101134763,0,0,2.91,11.13,-33.109
101134763,1,0,2.74,14.104,13.74
101134763,2,1,2.89,-25.55,15.119
101134763,3,0,3.1,-22.83,-28.4
101284632,0,0,2.95,11.116,-28.56
101284632,1,0,2.73,13.104,14
101284632,2,1,2.87,-28.112,14.38
101284632,3,0,3.13,-22.28,-27.81
101434562,0,0,2.94,11.18,-33.28
101434562,1,0,2.78,15.102,13.64
101434592,2,0,2.91,-25.92,14.19
101434592,3,0,3.18,-21.48,-24.51
101584614,0,0,2.92,10.114,-31.96
101584644,1,0,2.76,13.12,13.49
101584644,2,1,2.9,-27.82,14.112
101584644,3,0,3.09,-23.6,-27.5
101734574,0,0,2.93,9.127,-31.67
101734605,1,0,2.78,14.79,12.68
101734605,2,0,2.97,-27.81,14.106
101734605,3,0,3.12,-23.107,-25.35
101884687,0,0,2.94,11.41,-28.44
101884687,1,0,2.74,15.37,13.63
101884687,2,1,2.94,-26.46,15.3
101884718,3,0,3.17,-22.3,-25.43
102034606,0,0,2.91,11.42,-32.117
102034606,1,0,2.75,15.77,13.24
102034606,2,1,2.94,-25.105,13.72
102034636,3,0,3.17,-20.3,-24.106
102184902,0,0,2.95,12.49,-30.93
102184933,1,0,2.74,16.29,13.41
102184933,2,1,2.88,-26.85,14.39
102184933,3,0,3.12,-23.101,-26.104
102334710,0,0,2.93,12.96,-30.3
102334740,1,0,2.75,14.49,13.101
102334740,2,1,2.88,-26.93,12.96
102334740,3,0,3.09,-23.71,-24.12
102484762,0,0,2.92,10.19,-33.7
102484793,1,0,2.72,15.26,14.28
102484793,2,0,2.9,-25.65,14.93
102484793,3,0,3.15,-22.5,-27.111
102634692,0,0,2.91,10.55,-33.38
102634692,1,0,2.79,14.104,13.79
102634692,2,0,2.89,-26.28,14.127
102634692,3,0,3.12,-22.118,-26.95
102784866,0,0,2.95,11.66,-29.65
102784866,1,0,2.8,13.112,14.103
102784866,2,1,2.96,-27.124,14.91
102784866,3,0,3.13,-22.32,-28.12
102934693,0,0,2.95,10.102,-32.2
102934724,1,0,2.79,13.96,13.6
102934724,2,0,2.97,-27.98,14.74
102934724,3,0,3.12,-23.102,-26.101
103084654,0,0,2.88,10.107,-31.11
103084654,1,0,2.78,15.52,12.111
103084654,2,0,2.94,-27.106,13.57
103084684,3,0,3.17,-22.85,-28.79
103234706,0,0,2.96,10,-34.113
103234706,1,0,2.78,14.65,13.94
103234706,2,0,2.9,-25.47,14.89
103234706,3,0,3.18,-22.113,-23.2
103384666,0,0,2.9,11.123,-32.31
103384666,1,0,2.78,15.117,13.115
103384666,2,1,2.88,-25.108,15.28
103384697,3,0,3.13,-22.46,-28.122
103534718,0,0,2.91,10.88,-31.33
103534718,1,0,2.73,14.64,14.9
103534718,2,1,2.93,-25.116,15.58
103534718,3,0,3.17,-21.87,-24.27
103684679,0,0,2.92,10.121,-32.109
103684679,1,0,2.76,15.19,14.2
103684679,2,0,2.92,-27.37,13.111
103684679,3,0,3.16,-22.54,-24.35
103834670,0,0,2.95,11.25,-30.67
103834670,1,0,2.76,15.84,13.5
103834670,2,1,2.9,-25.106,14.77
103834670,3,0,3.14,-22.29,-28.75
103984710,0,0,2.94,12.7,-30.97
103984741,1,0,2.75,15.1,14.23
103984741,2,0,2.88,-27.84,14.115
103984741,3,0,3.13,-23.49,-24.57
104134824,0,0,2.93,12.3,-29.65
104134824,1,0,2.78,15.112,13.51
104134824,2,1,2.89,-25.49,12.117
104134824,3,0,3.15,-22.127,-24.85
104284693,0,0,2.97,10.29,-33.87
104284693,1,0,2.78,14.16,14.82
104284693,2,1,2.88,-26.64,13.12
104284693,3,0,3.11,-22.111,-26.46
104434958,0,0,2.91,10.69,-32.31
104434958,1,0,2.8,13.47,13.75
104434958,2,1,2.88,-26.43,16.44
104434989,3,0,3.13,-21.11,-23.4
104584705,0,0,2.93,10.87,-31.66
104584705,1,0,2.76,14.123,13.79
104584705,2,0,2.88,-26.76,15.69
104584705,3,0,3.12,-22.6,-24.59
104734818,0,0,2.92,12.92,-30.56
104734818,1,0,2.77,13.93,14.6
104734849,2,1,2.89,-27.115,13.28
104734849,3,0,3.15,-22.94,-28.32
104884779,0,0,2.93,12.18,-28.17
104884779,1,0,2.8,13.71,13.76
104884779,2,0,2.87,-25.22,14.111
104884779,3,0,3.17,-22.54,-29.11
105034758,0,0,2.93,10.114,-30.12
105034758,1,0,2.77,14.3,13.11
105034758,2,0,2.95,-26.39,12.122
105034758,3,0,3.14,-21.36,-24.116
105184780,0,0,2.91,12.73,-30.77
105184780,1,0,2.76,13.117,12.12
105184810,2,0,2.88,-27.115,14.55
105184810,3,0,3.08,-22.59,-26.49
105334893,0,0,2.88,12.74,-28.89
105334893,1,0,2.74,14.95,13.5
105334893,2,1,2.9,-26.121,16.44
105334893,3,0,3.14,-21.11,-27.41
105484793,0,0,2.97,10.8,-35.32
105484793,1,0,2.73,13.37,13.38
105484793,2,1,2.88,-25.4,12.118
105484793,3,0,3.16,-22.124,-27.77
105634784,0,0,2.93,10.28,-33.114
105634784,1,0,2.8,14.112,14.59
105634784,2,1,2.89,-24.77,14
105634784,3,0,3.17,-22.88,-25.28
105784836,0,0,2.92,11.11,-30.21
105784836,1,0,2.76,12.111,13.86
105784836,2,1,2.85,-24.4,14.4
105784836,3,0,3.13,-21.7,-24.111
105934785,0,0,2.92,12.9,-27.126
105934785,1,0,2.8,13.24,13.33
105934785,2,1,2.93,-26.4,13.38
105934785,3,0,3.05,-21.62,-23.17
106084959,0,0,2.91,9.48,-31.14
106084959,1,0,2.77,15.79,12.105
106084959,2,0,2.9,-26.53,13.118
106084959,3,0,3.11,-22.7,-24.3
106234828,0,0,2.87,10.42,-32.32
106234828,1,0,2.78,13.86,13.49
106234828,2,1,2.9,-24.24,13.91
106234828,3,0,3.17,-21.33,-23.31
106384971,0,0,2.96,10.102,-32.71
106385002,1,0,2.76,16.14,12.1
106385002,2,1,2.88,-26.5,14.107
106385002,3,0,3.13,-20.98,-22.69
106534840,0,0,2.9,10.111,-30.64
106534840,1,0,2.79,13.98,13.95
106534840,2,1,2.86,-27.85,14.18
106534840,3,0,3.11,-20.26,-23.97
106684954,0,0,2.93,11.5,-30.42
106684954,1,0,2.75,15.78,14.1
106684954,2,0,2.9,-26.1,12.12
106684954,3,0,3.13,-20.76,-23.87
106834853,0,0,2.88,11.42,-31.3
106834853,1,0,2.75,14.69,13.13
106834853,2,0,2.93,-27.71,13.51
106834853,3,0,3.17,-21.34,-24.46
106985016,0,0,3,9.74,-31.21
106985016,1,0,2.76,14.24,13.53
106985016,2,0,2.97,-27.45,13.64
106985016,3,0,3.17,-21.8,-23.62
107134885,0,0,2.92,10.82,-28.12
107134885,1,0,2.74,14.1,13.73
107134885,2,0,2.98,-23.79,19.66
107134885,3,0,3.09,-23.72,-27.116
107285089,0,0,2.95,10.65,-35.122
107285089,1,0,2.83,14.9,8.15
107285089,2,0,2.94,-27.4,20.84
107285120,3,0,3.13,-24.5,-24.23
107434806,0,0,2.94,13.67,-27.3
107434836,1,0,2.85,15.42,8.1
107434836,2,0,2.95,-25.9,14.35
107434836,3,0,3.01,-21.89,-25.72
107584827,0,0,2.96,14.71,-30.112
107584827,1,0,2.8,21.117,14.1
107584858,2,0,2.97,-27.11,18.113
107584858,3,0,3.11,-23.3,-23.46
107734879,0,0,2.95,15.72,-23.127
107734879,1,0,2.83,21.5,16.119
107734879,2,0,2.99,-26.93,21.109
107734910,3,0,3.06,-22.43,-22.58
107884840,0,0,2.96,16.63,-23.47
107884840,1,0,2.84,18.45,18.52
107884840,2,0,2.97,-24.89,26.91
107884840,3,0,3.03,-22.36,-22.15
108035002,0,0,2.93,17.118,-21.64
108035002,1,0,2.87,16.18,20
108035002,2,0,3.01,-25.58,23.57
108035002,3,0,3.06,-21.104,-22.109
108184871,0,0,2.93,19.54,-22.4
108184871,1,0,2.88,13.83,23.42
108184871,2,0,2.97,-27.91,24.89
108184871,3,0,2.99,-18.62,-22.43
108335076,0,0,2.92,18.7,-18.9
108335076,1,0,2.93,13.22,27.28
108335076,2,0,3,-28.11,30.91
108335076,3,0,2.97,-17.49,-19.15
108484854,0,0,2.98,19.77,-17.43
108484884,1,0,2.92,14.2,27.126
108484884,2,0,3.01,-23.58,33.6
108484884,3,0,2.94,-14.2,-17.14
108634875,0,0,2.94,24.65,-17.97
108634875,1,0,2.95,22.111,32.102
108634875,2,0,2.97,-19.7,35.5
108634875,3,0,2.9,-12.113,-16.19
108784927,0,0,2.88,27.74,-15.65
108784927,1,0,2.95,20.27,35.102
108784927,2,0,2.95,-16.46,32.118
108784958,3,0,2.81,-11.14,-16.9
108935181,0,0,2.92,29.27,-17.89
108935181,1,0,2.88,20.119,35.14
108935181,2,0,2.9,-14.96,32.35
108935181,3,0,2.83,-10.33,-15.86
109084959,0,0,2.93,27.82,-21.35
109084959,1,0,2.83,17.42,34.52
109084959,2,0,2.88,-16.81,31.36
109084959,3,0,2.84,-11.91,-17.43
109234889,0,0,2.89,28.72,-21.83
109234889,1,0,2.77,20.45,34.9
109234919,2,0,2.88,-16.5,31.39
109234919,3,0,2.8,-12.105,-18.41
109384971,0,0,2.88,27.86,-24.42
109384971,1,0,2.88,22.42,33.122
109384971,2,0,2.84,-18.86,33.13
109384971,3,0,2.78,-13.51,-21.74
109534901,0,0,2.82,29.65,-23.107
109534901,1,0,2.88,23.45,29.95
109534932,2,0,2.93,-16.29,32.39
109534932,3,0,2.74,-11.29,-18.88
109684923,0,0,2.7,26.127,-22.12
109684923,1,0,2.92,23.63,33.108
109684923,2,0,2.94,-16.39,35.28
109684923,3,0,2.73,-12.9,-17.5
109834914,0,0,2.69,30.36,-16.56
109834914,1,0,2.99,24.51,37.14
109834914,2,0,2.91,-12.47,35.34
109834914,3,0,2.66,-13.74,-14.109
109984985,0,0,2.66,29.83,-12.105
109984985,1,0,3.02,23.97,39.37
109984985,2,0,2.93,-13.91,35.124
109984985,3,0,2.61,-14.81,-15.81
110134946,0,0,2.65,31.21,-4.41
110134946,1,0,3.06,23.46,40.104
110134946,2,0,3.03,-14.8,36.15
110134946,3,0,2.69,-12.26,-11.122
110285242,0,0,2.66,29.97,0.122
110285242,1,0,3.11,23.119,39.7
110285242,2,0,3.11,-15.114,33.104
110285272,3,1,2.51,-14.8,2.5
110434989,0,0,2.59,27.7,3.1
110435019,1,0,3.14,19.17,40.49
110435019,2,1,3.15,-14.111,30.65
110435019,3,0,2.59,-15.33,-2.42
110585102,0,0,2.59,25.32,6
110585102,1,1,3.11,17.7,40.59
110585102,2,0,3.17,-14.47,18.12
110585102,3,1,2.52,-13.52,5.38
110734971,0,0,2.57,21.21,7.102
110734971,1,0,3.18,11.105,42.1
110734971,2,1,3.08,-16.4,27.57
110734971,3,1,2.52,-15.17,20.46
110885225,0,0,2.55,23.88,9.103
110885225,1,1,3.15,12.69,46.15
110885225,2,1,3.36,-23.25,36.51
110885225,3,0,2.6,-15.3,-4.88
111035033,0,0,2.53,24.73,10.115
111035033,1,0,3.18,12.14,49.88
111035033,2,0,3.37,-22.73,33.7
111035033,3,0,2.52,-14.38,-8.6
111184994,0,0,2.53,22.88,11.81
111184994,1,0,3.18,10.24,48.88
111184994,2,1,3.32,-23.17,19.111
111184994,3,0,2.58,-12.84,-5.1
111335046,0,1,2.5,22.22,11.101
111335046,1,1,3.22,10.58,48.48
111335046,2,1,3.3,-22.53,60
111335046,3,0,2.5,-12.113,-4.65
111484976,0,1,2.59,25.84,12.4
111484976,1,0,3.2,11.57,52.12
111484976,2,1,3.41,-24.43,60
111485006,3,0,2.59,-12.11,-8.19
111635058,0,0,2.58,24.33,8.102
111635058,1,1,3.12,11.64,47.42
111635058,2,0,3.28,-19.17,26.71
111635058,3,1,2.42,-18.2,7.31
111784988,0,0,2.56,24.76,7.46
111784988,1,0,3.09,19.7,45.52
111784988,2,1,3.24,-21.6,34.92
111784988,3,0,2.54,-14.45,1.105
111935029,0,0,2.57,32.64,0.119
111935029,1,0,3.03,24.107,40.56
111935029,2,0,3.08,-14.12,35.37
111935029,3,0,2.54,-11.61,-2.82
112085020,0,0,2.62,34.29,-6.84
112085020,1,0,3.01,26.67,42.22
112085020,2,0,2.93,-12.49,36.87
112085020,3,0,2.49,-11.41,-10.12
112235255,0,0,2.63,36.47,-19.38
112235255,1,0,2.96,25.62,39.7
112235255,2,0,2.94,-9.8,32.12
112235255,3,0,2.61,-7.41,-14.45
112385032,0,0,2.66,37.77,-29.37
112385032,1,0,2.9,31.86,33.19
112385032,2,0,2.85,-8.9,31.53
112385032,3,0,2.6,-7.74,-18.27
112535054,0,0,2.68,32.127,-31.37
112535054,1,0,2.92,31.7,32.13
112535054,2,0,2.77,-8.121,31.2
112535054,3,0,2.66,-11.88,-19.13
112685076,0,0,2.71,34.99,-30.24
112685106,1,0,2.94,28.73,30.59
112685106,2,0,2.82,-9.43,30.9
112685106,3,0,2.63,-10.66,-20.77
112835280,0,0,2.72,30.92,-30.4
112835311,1,0,2.91,29.59,28.124
112835311,2,0,2.78,-9.6,30.8
112835311,3,0,2.69,-9.118,-19.9
112985107,0,0,2.76,31.125,-31.127
112985138,1,0,2.91,28.57,30.85
112985138,2,0,2.8,-8.2,30.14
112985138,3,0,2.63,-9.15,-19.123
113135068,0,0,2.71,32.47,-29.58
113135068,1,0,2.92,29.21,32.22
113135068,2,0,2.8,-9.92,28.91
113135068,3,0,2.71,-9.6,-20.101
113285120,0,0,2.76,32.108,-30.9
113285120,1,0,2.94,28.43,32.35
113285120,2,0,2.84,-8.75,29.23
113285120,3,0,2.69,-9.91,-19.32
113435233,0,0,2.75,34.43,-26.103
113435233,1,0,2.9,27.104,33.5
113435233,2,0,2.79,-10.79,31.96
113435233,3,0,2.65,-9.25,-17.14
113585132,0,0,2.75,34.5,-25.67
113585132,1,0,2.95,30.68,33.68
113585132,2,0,2.84,-10.107,32.37
113585132,3,0,2.67,-8.3,-17.28
113735093,0,0,2.75,31.104,-25.81
113735093,1,0,2.98,28.81,35.21
113735093,2,0,2.87,-8.47,30.79
113735093,3,0,2.62,-11.89,-15.59
113885164,0,0,2.72,31.53,-19.11
113885164,1,0,2.95,27.109,36.29
113885164,2,0,2.83,-12.31,33.78
113885164,3,0,2.7,-13.22,-17.23
114035094,0,0,2.72,30.69,-13.16
114035094,1,0,2.95,24.8,34.91
114035125,2,0,2.89,-13.9,36.44
114035125,3,0,2.71,-14.73,-17.79
114185360,0,0,2.74,27.3,-16.94
114185360,1,0,3.01,23.31,36.2
114185360,2,0,2.87,-14.121,36.36
114185360,3,0,2.65,-14.113,-15.75
114335107,0,0,2.7,25.72,-15.45
114335107,1,0,2.97,24.44,36.32
114335137,2,0,2.85,-13.15,36.119
114335137,3,0,2.7,-15.81,-17.64
114485281,0,0,2.73,28.38,-13.43
114485281,1,0,3,24.52,34.38
114485281,2,0,2.89,-15.45,36.86
114485281,3,0,2.61,-15.28,-15.16
114635180,0,0,2.73,26.81,-13.1
114635180,1,0,2.95,20.121,35.87
114635180,2,0,2.86,-15.77,34.117
114635180,3,0,2.63,-16.43,-17.52
114785110,0,0,2.68,24.17,-13.84
114785110,1,0,2.94,19.86,37.34
114785141,2,1,2.91,-17.51,37.52
114785141,3,0,2.71,-16.7,-15.6
114935212,0,0,2.7,19.85,-12.13
114935212,1,0,2.99,16.113,39.16
114935212,2,0,2.94,-18.11,36.1
114935212,3,0,2.78,-19.73,-16.7
115085264,0,0,2.65,16.53,-11.72
115085264,1,0,2.94,13.71,37.6
115085264,2,1,3,-22.2,36.62
115085264,3,0,2.81,-22.115,-17.86
115235194,0,0,2.66,13.117,-11.87
115235225,1,0,2.9,10.112,36
115235225,2,0,3.09,-26.69,35.111
115235225,3,0,2.8,-25.58,-21.5
115385155,0,0,2.59,9.36,-11.99
115385155,1,0,2.91,4.121,34.62
115385155,2,0,3.05,-35.91,39.21
115385155,3,0,2.79,-27.79,-20.72
115535268,0,0,2.65,4.55,-10.75
115535268,1,0,2.93,2.12,37.3
115535268,2,1,3.07,-35.42,36.8
115535268,3,1,2.8,-33.1,-21.38
115685167,0,0,2.65,-3.99,-11.97
115685167,1,0,2.97,-8.104,30.107
115685167,2,1,3.2,-34.21,37.9
115685198,3,1,2.84,-42.12,-12.65
115835219,0,0,2.61,-5.39,-8.19
115835219,1,0,2.96,-16.56,37.99
115835219,2,1,3.25,-36.116,38.59
115835219,3,0,2.88,-45.85,-14.5
115985199,0,0,2.61,-8.99,-13.29
115985199,1,0,3.05,-17.36,41.2
115985199,2,0,3.3,-34.26,36.125
115985199,3,0,2.98,-59.97,-22.21
116135403,0,0,2.54,-10.32,-16.77
116135403,1,0,3.02,-21.18,45.58
116135403,2,0,3.35,-32.14,34.62
116135403,3,0,3.06,-60,-24.2
116285211,0,0,2.52,-12.38,-16.105
116285211,1,0,3.03,-22.102,44.103
116285211,2,0,3.31,-53.14,45.47
116285211,3,1,2.88,-40.98,-9.18
116435202,0,0,2.55,-13.5,-16.19
116435202,1,0,3.05,-22.68,41.103
116435202,2,0,3.34,-26.6,31.15
116435202,3,0,3.08,-60,-21.5
116585255,0,0,2.58,-13.88,-14.71
116585255,1,0,2.94,-26.68,40.63
116585255,2,0,3.33,-26.92,35.39
116585285,3,1,3.04,-54.122,-22.32
116735398,0,0,2.57,-15.126,-16.99
116735398,1,0,2.97,-33.83,44.87
116735398,2,1,3.2,-45.79,36.71
116735398,3,0,3.06,-40.118,-16.14
116885286,0,0,2.64,-15.74,-16.9
116885286,1,0,2.95,-39.122,44.11
116885286,2,0,3.34,-32.97,32.36
116885286,3,1,3.08,-55.44,-23.64
117035247,0,0,2.62,-12.49,-13.81
117035247,1,0,2.99,-28.81,40.56
117035247,2,1,3.35,-38.11,37.119
117035247,3,0,3.09,-60,-17.68
117185360,0,0,2.6,-12.122,-15.79
117185360,1,0,3.03,-33.2,46.32
117185360,2,0,3.33,-27.57,32.124
117185360,3,0,3.08,-58.59,-24.93
117335442,0,0,2.58,-11.111,-16.51
117335442,1,0,3.05,-15.72,43.9
117335442,2,0,3.29,-37.97,37.8
117335442,3,0,3.08,-60,-21.124
117485311,0,0,2.59,-8.3,-13.103
117485311,1,1,2.94,-17.23,36.116
117485311,2,1,3.2,-39.34,35.61
117485311,3,0,2.84,-35.43,-10.86
117635272,0,0,2.62,-5.113,-9.6
117635272,1,0,2.96,-8.21,32.118
117635272,2,0,3.19,-35.7,38.108
117635272,3,0,2.93,-46.4,-8.23
117785293,0,0,2.54,-2.117,-7.4
117785293,1,0,2.91,-4.26,34.74
117785293,2,1,3.09,-36.15,38.5
117785324,3,1,2.82,-36.42,-13.14
117935273,0,0,2.56,1.108,-8.82
117935273,1,0,2.92,0.81,36.32
117935303,2,0,3.07,-35.124,39.3
117935303,3,1,2.74,-37.127,-17.48
118085325,0,0,2.55,5.24,-9.8
118085325,1,0,2.91,5.49,34.113
118085325,2,0,3.12,-26.28,36.15
118085325,3,0,2.74,-31.29,-16.91
118235286,0,0,2.51,7.97,-8.47
118235286,1,0,2.88,7.44,35.101
118235286,2,0,2.99,-26.81,39.16
118235286,3,0,2.78,-32.98,-16.27
118385551,0,0,2.58,9.127,-10.26
118385551,1,0,2.87,7.94,36.3
118385551,2,0,3.01,-25.2,38.35
118385551,3,0,2.75,-29.47,-19.92
118535298,0,0,2.56,12.6,-11.68
118535298,1,0,2.88,12.24,37.8
118535298,2,0,3,-23.75,38.104
118535298,3,0,2.77,-26.126,-19.125
118685289,0,0,2.58,17.116,-12.42
118685289,1,0,2.92,15.4,37.12
118685289,2,0,2.93,-23.125,38.62
118685320,3,0,2.66,-23.12,-18.64
118835402,0,0,2.57,22.56,-14.34
118835402,1,0,2.92,18.47,37.101
118835402,2,0,2.92,-19.2,39.52
118835433,3,0,2.58,-19.13,-16.9
118985595,0,0,2.58,24.11,-14.8
118985595,1,0,2.89,18.105,39.26
118985595,2,0,2.88,-15.5,37.4
118985595,3,0,2.62,-17.123,-15.8
119135373,0,0,2.59,30.38,-10.7
119135373,1,0,2.9,27.62,39.74
119135373,2,0,2.8,-12.113,37.79
119135373,3,0,2.6,-15.74,-16.18
119285333,0,0,2.65,30.89,-17.54
119285333,1,0,2.95,28.89,39.81
119285333,2,0,2.87,-9.112,37.39
119285333,3,0,2.51,-12.71,-13.13
119435386,0,0,2.68,33.125,-16.127
119435386,1,0,2.95,27.11,39.31
119435386,2,0,2.86,-8.111,35.2
119435386,3,0,2.52,-11.13,-14.79
119585346,0,0,2.66,34.111,-15.73
119585346,1,0,2.99,28.55,39.103
119585346,2,0,2.85,-8.2,35.121
119585346,3,0,2.62,-9.59,-13.56
119735398,0,0,2.68,35.101,-12.21
119735398,1,0,2.93,29.68,39.111
119735398,2,0,2.85,-6.82,36.34
119735398,3,0,2.57,-9.116,-11.49
119885347,0,0,2.73,39.9,-9.3
119885347,1,0,2.95,28.57,41.58
119885347,2,0,2.89,-8.49,36.91
119885347,3,0,2.59,-8.34,-13.7
120035369,0,0,2.66,36.9,-11.24
120035369,1,0,2.98,26.7,40.51
120035369,2,0,2.85,-8.55,36.47
120035369,3,0,2.52,-9.119,-13.41
120185360,0,0,2.73,34.116,-11.27
120185360,1,0,2.94,25.12,39.95
120185360,2,0,2.86,-8.36,34.28
120185360,3,0,2.5,-9.111,-10
120335381,0,0,2.63,35.112,-11.5
120335381,1,0,2.95,23.78,39.64
120335381,2,0,2.8,-13.79,35.63
120335381,3,0,2.54,-11.105,-15.8
120485494,0,0,2.63,35.86,-17.5
120485494,1,0,2.91,26.34,37.66
120485494,2,0,2.8,-12.112,34.14
120485494,3,0,2.48,-9.109,-16.7
120635669,0,0,2.65,37.62,-23.111
120635669,1,0,2.89,28.7,36.113
120635669,2,0,2.73,-12.99,32.63
120635669,3,0,2.55,-6.83,-17.21
120785385,0,0,2.6,39.124,-28.106
120785385,1,0,2.81,33.126,38.86
120785385,2,0,2.73,-9.1,34.76
120785385,3,0,2.44,-6.75,-17.26
120935578,0,0,2.53,45.9,-23.124
120935578,1,0,2.81,31.64,38.108
120935578,2,0,2.65,-9.12,34.45
120935578,3,0,2.39,-7.86,-19.83
121085447,0,0,2.46,43.56,-20.106
121085478,1,0,2.78,30.74,40.19
121085478,2,0,2.59,-8.28,36.15
121085478,3,0,2.28,-8.12,-19.88
121235713,0,0,2.36,42.108,-31.115
121235713,1,0,2.64,34.11,40.8
121235713,2,0,2.51,-7.99,35.49
121235743,3,0,2.27,-10.122,-19.81
121385460,0,0,2.27,40.48,-30.48
121385490,1,0,2.59,32.72,40.119
121385490,2,0,2.39,-7.72,36.56
121385490,3,0,2.12,-11.102,-20.51
121535420,0,0,2.21,42.19,-33.115
121535420,1,0,2.51,33.63,40.111
121535420,2,0,2.38,-8.63,35.81
121535420,3,0,2.04,-12.42,-20.66
121685411,0,0,2.09,45.21,-31.5
121685411,1,0,2.39,34.71,37.71
121685442,2,0,2.2,-5.66,32.76
121685442,3,0,1.89,-12.123,-21.111
121835433,0,0,1.97,44.25,-31.61
121835433,1,0,2.25,35.104,40.73
121835433,2,0,2.16,-6.102,29.124
121835433,3,0,1.83,-14.53,-20.6
121985504,0,0,1.93,44.25,-31.35
121985504,1,0,2.19,35.45,42.28
121985534,2,0,2,-9.79,31.16
121985534,3,0,1.7,-15.94,-21.3
122135495,0,0,1.85,44.97,-32.111
122135495,1,0,2.18,39.3,47.26
122135495,2,0,2.01,-12.56,31.5
122135495,3,0,1.65,-16.41,-27.92
122285669,0,0,1.75,43.84,-33.112
122285669,1,0,2.1,38.43,49
122285669,2,0,1.97,-17.125,32.14
122285669,3,0,1.56,-19.112,-38.9
122435477,0,0,1.73,42.57,-34.117
122435477,1,0,2.01,37.123,54.43
122435477,2,0,1.89,-25.35,36.14
122435477,3,0,1.51,-22.14,-37.15
122585499,0,0,1.66,38.105,-32.32
122585529,1,0,1.96,36.106,55.83
122585529,2,0,1.86,-31.69,50.124
122585529,3,0,1.41,-25.19,-38.124
122735520,0,0,1.58,40.5,-36.15
122735520,1,0,1.86,43.55,56.89
122735520,2,0,1.81,-35.55,57.112
122735520,3,0,1.32,-28.53,-37.85
122885652,0,0,1.46,39.98,-45.68
122885652,1,0,1.81,44.61,59.66
122885652,2,0,1.8,-33.14,59.109
122885652,3,0,1.43,-30.111,-36.9
123035521,0,0,1.46,43.3,-49.4
123035552,1,0,1.77,48.23,60
123035552,2,0,1.78,-32.37,58.83
123035552,3,0,1.33,-31.122,-38.63
123185634,0,0,1.42,43.3,-50.35
123185634,1,1,1.76,43.123,58.126
123185665,2,0,1.77,-33.43,58.116
123185665,3,0,1.39,-31.1,-39.87
123335534,0,0,1.41,41.77,-49.72
123335534,1,0,1.78,46.98,60
123335534,2,0,1.71,-33.23,57
123335534,3,0,1.38,-31.3,-38.5
123485708,0,0,1.45,41.58,-41.121
123485708,1,0,1.8,46.24,60
123485708,2,0,1.74,-35.62,59.54
123485708,3,0,1.44,-30.111,-36.68
123635547,0,0,1.51,41.47,-42.41
123635547,1,0,1.92,47.35,56.7
123635547,2,0,1.79,-32.13,59.105
123635577,3,0,1.45,-28.98,-40.94
123785538,0,0,1.6,41.114,-37.75
123785568,1,0,1.91,38.18,56.14
123785568,2,0,1.87,-35.9,50.24
123785568,3,0,1.51,-22.26,-37.111
123935578,0,0,1.69,41.81,-33.124
123935578,1,0,1.96,38.41,51.82
123935578,2,0,1.84,-22.68,38.3
123935578,3,0,1.56,-19.42,-37.12
124085539,0,0,1.8,39.42,-36.124
124085539,1,0,2.05,39.96,48.79
124085539,2,0,1.93,-15.69,36.22
124085539,3,0,1.61,-19.12,-40.7
124235652,0,0,1.86,39.14,-33.119
124235652,1,0,2.07,37.3,39.127
124235652,2,0,1.98,-8.115,33.66
124235682,3,0,1.82,-18.83,-39.73
124385551,0,0,1.89,36.75,-32.97
124385551,1,0,2.15,37.113,41.123
124385551,2,0,2.02,-6.9,31.104
124385551,3,0,1.75,-17.102,-30.97
124535786,0,0,2,37.12,-31.12
124535786,1,0,2.22,35.62,41
124535786,2,0,2.05,-7.67,30.65
124535786,3,0,1.8,-16.121,-30.81
124685625,0,0,2.07,35.102,-32.117
124685625,1,0,2.29,31.92,39.61
124685625,2,0,2.17,-12.59,36.108
124685625,3,0,1.93,-16.78,-25.33
124835677,0,0,2.2,36.83,-29.54
124835708,1,0,2.4,31.71,38.36
124835708,2,0,2.31,-16.93,36.41
124835708,3,0,2.05,-14.78,-26.75
124985626,0,0,2.2,35.5,-31.39
124985626,1,0,2.46,31.42,39.56
124985626,2,0,2.33,-14.1,37.75
124985626,3,0,2.08,-12.55,-23.114
125135556,0,0,2.32,37.34,-29.19
125135587,1,0,2.52,33.87,38.49
125135587,2,0,2.41,-14.79,37.4
125135587,3,0,2.16,-11.8,-24.6
125285639,0,0,2.35,39.39,-34.45
125285639,1,0,2.68,33.91,40.32
125285639,2,0,2.48,-10.66,34.98
125285639,3,0,2.2,-7.11,-22.118
125435843,0,0,2.48,38.81,-33.35
125435843,1,0,2.68,36.22,34.58
125435843,2,0,2.46,-9.8,33.69
125435843,3,0,2.34,-5.36,-24.13
125585621,0,0,2.57,36.98,-34.12
125585651,1,0,2.72,38.86,33.15
125585651,2,0,2.51,-7.82,27.72
125585651,3,0,2.37,-6.79,-28.44
125735612,0,0,2.51,37.113,-35.44
125735612,1,0,2.75,37.86,33.28
125735612,2,0,2.6,-7.99,29.112
125735612,3,0,2.31,-4.126,-24.33
125885805,0,0,2.64,40.29,-33.19
125885805,1,0,2.76,36.96,33.15
125885805,2,0,2.58,-6.26,28.26
125885805,3,0,2.43,-4.91,-27.113
126035765,0,0,2.65,39.105,-35.107
126035765,1,0,2.79,37.74,32.6
126035765,2,0,2.59,-8.107,27.71
126035765,3,0,2.49,-4.22,-31
126185695,0,0,2.66,40.33,-30.1
126185695,1,0,2.81,39.4,34.113
126185695,2,0,2.58,-8.127,29.63
126185695,3,0,2.45,-4.12,-27.1
126335809,0,0,2.63,40.61,-34.74
126335809,1,0,2.77,35.95,35.66
126335809,2,0,2.58,-9.91,29.49
126335809,3,0,2.53,-1.83,-22.3
126485647,0,0,2.63,40.126,-29.23
126485647,1,0,2.81,33.13,33.109
126485647,2,0,2.61,-9.112,26.112
126485647,3,0,2.52,-3.27,-26.64
126635638,0,0,2.73,35.106,-33.112
126635638,1,0,2.75,33.84,30.39
126635638,2,0,2.6,-11.67,16.81
126635638,3,0,2.59,-5.5,-33.31
126785843,0,0,2.73,29.87,-31.6
126785843,1,0,2.68,24.116,25.119
126785843,2,0,2.65,-18.104,19.98
126785843,3,0,2.69,-10.8,-32.105
126935822,0,0,2.78,18.89,-39.95
126935853,1,0,2.69,13.62,22.32
126935853,2,0,2.74,-20.101,9.16
126935853,3,0,2.79,-16.19,-39.1
127085691,0,0,2.81,16.73,-40.16
127085722,1,0,2.7,12.74,12.121
127085722,2,0,2.75,-24.1,10.17
127085722,3,0,2.85,-20.127,-38.75
127235713,0,0,2.9,14.17,-38.42
127235713,1,0,2.74,11.126,5.51
127235713,2,0,2.84,-23.12,-3.78
127235743,3,0,2.92,-20.5,-37.121
127385826,0,0,2.85,12.16,-39.11
127385826,1,0,2.71,14.73,1.18
127385856,2,0,2.91,-22.47,3.63
127385856,3,0,3.03,-23.3,-40.53
127535725,0,0,2.92,10.122,-38.121
127535725,1,0,2.78,21.109,2.79
127535725,2,0,2.89,-19.95,3.61
127535756,3,1,3.1,-23.112,-39.84
127685686,0,0,2.88,9.126,-33.71
127685686,1,0,2.78,14.96,5.3
127685686,2,0,2.94,-27.108,1.28
127685686,3,0,3.11,-26.95,-39.102
127835677,0,0,2.85,9.6,-35.121
127835677,1,0,2.77,13.57,7.21
127835677,2,0,2.96,-20.109,12.57
127835677,3,0,3.06,-21.69,-22.48
127985718,0,0,2.92,8.68,-38.107
127985718,1,0,2.73,12.11,2.62
127985718,2,0,2.95,-16.24,7.12
127985718,3,0,3.09,-19.14,-39.127
128135709,0,0,2.86,7.69,-40.1
128135709,1,0,2.73,12.11,5.104
128135709,2,0,2.99,-16.102,9.65
128135709,3,0,3.1,-26.69,-33.73
128285700,0,0,2.89,8.117,-33.126
128285700,1,0,2.73,11.5,7.23
128285700,2,0,2.92,-19.41,9.49
128285730,3,0,3.03,-26.83,-25.89
128435965,0,0,2.9,10.89,-31.118
128435965,1,0,2.75,11.6,8.78
128435965,2,0,2.93,-19.98,8.4
128435965,3,0,3.12,-26.63,-33.78
128585712,0,0,2.95,10.99,-29.6
128585712,1,0,2.69,11.107,7.87
128585712,2,0,2.92,-22.76,7.63
128585712,3,0,3.03,-24.96,-29.26
128735917,0,0,2.87,14.64,-29.51
128735917,1,0,2.72,13.127,12.66
128735917,2,0,2.91,-22.116,16.42
128735917,3,0,3.12,-21.22,-26.86
128885774,0,0,2.93,10.74,-30.5
128885805,1,0,2.7,13.85,10.99
128885805,2,0,2.9,-22.106,15.92
128885805,3,0,3.14,-23.2,-29.105
129036010,0,0,2.92,11.33,-31.74
129036010,1,0,2.76,12.46,10.32
129036010,2,0,2.94,-22.55,14.1
129036010,3,0,3.06,-24.114,-25.37
129185818,0,0,2.89,11.1,-31.49
129185818,1,0,2.75,11.111,9.9
129185818,2,0,2.93,-20.46,14.95
129185818,3,0,3.1,-23.2,-27.108
129335931,0,0,2.9,9.72,-34.106
129335961,1,0,2.7,13.102,10.8
129335961,2,0,2.95,-24.111,14.77
129335961,3,0,3.06,-25.125,-24.37
129485800,0,0,2.93,10.48,-34.72
129485800,1,0,2.71,14.8,12.29
129485800,2,0,2.93,-22.43,14.32
129485800,3,0,3.08,-24.89,-28.127
129635760,0,0,2.94,10.1,-33.89
129635760,1,0,2.74,12.71,10.76
129635760,2,0,2.95,-22.83,15.12
129635760,3,0,3.07,-24.79,-24.5
129785812,0,0,2.92,11.53,-29.7
129785812,1,0,2.74,12.35,10.16
129785812,2,0,2.91,-22.12,14.61
129785812,3,0,3.06,-23.27,-24.8
129935792,0,0,2.88,12.5,-30.24
129935792,1,0,2.75,12.33,10.114
129935792,2,0,2.95,-23.51,15.36
129935792,3,0,3.19,-23.68,-30.114
130085783,0,0,2.89,10.61,-33.34
130085783,1,0,2.71,12.2,11.105
130085783,2,0,2.95,-23.88,14.69
130085783,3,0,3.1,-24.93,-26.27
130235804,0,0,2.93,11.1,-29.37
130235804,1,0,2.73,13.104,11.58
130235804,2,0,2.94,-22.21,13.113
130235804,3,0,3.11,-25.112,-26.89
130385826,0,0,2.88,10.68,-33.92
130385826,1,0,2.78,13.69,10.42
130385826,2,0,2.92,-19.19,15.12
130385826,3,0,3.08,-23.1,-26.93
130535817,0,0,2.94,11.15,-30.46
130535817,1,0,2.77,13.112,11.19
130535817,2,0,2.95,-23.86,14.92
130535817,3,0,3.06,-22.114,-28.81
130686083,0,0,2.94,9.107,-34.22
130686083,1,0,2.75,14.4,10.41
130686083,2,0,2.96,-22.71,14.83
130686113,3,0,3.11,-24.17,-29.92
130835860,0,0,2.9,12.29,-29.11
130835860,1,0,2.71,13.68,9.123
130835860,2,0,2.91,-24.111,14.36
130835891,3,0,3.15,-23.43,-27.122
130985962,0,0,2.91,10.55,-33.117
130985962,1,0,2.69,13.124,10.72
130985962,2,0,2.92,-20.16,13.1
130985992,3,0,3.14,-24.85,-28.111
131135892,0,0,2.9,10.63,-32.89
131135892,1,0,2.73,12.4,10.71
131135892,2,0,2.93,-24.83,15.89
131135892,3,0,3.15,-25.118,-27.101
131285822,0,0,2.9,11.98,-29.6
131285822,1,0,2.72,13.88,10.29
131285822,2,0,2.94,-23.81,15.1
131285852,3,0,3.1,-22.1,-26.62
131435874,0,0,2.9,10.97,-32.7
131435874,1,0,2.73,12.77,11.89
131435904,2,0,2.91,-23.35,15.73
131435904,3,0,3.12,-23.107,-24.75
131585834,0,0,2.88,10.92,-30.19
131585834,1,0,2.72,12.82,11.34
131585834,2,0,2.94,-23.79,14.79
131585865,3,0,3.07,-23.36,-24.117
131735856,0,0,2.9,10.67,-30.74
131735856,1,0,2.74,11.93,10.118
131735856,2,0,2.92,-24.124,14.83
131735856,3,0,3.12,-24.12,-26.34
131885866,0,0,2.9,9.58,-33.7
131885866,1,0,2.7,12.39,9.118
131885866,2,0,2.9,-22.16,15.92
131885866,3,0,3.06,-22.76,-23.29
132035949,0,0,2.92,10.117,-30.39
132035949,1,0,2.72,13.9,9.112
132035979,2,0,2.9,-22.9,13.39
132035979,3,0,3.07,-23.92,-29.103
132185879,0,0,2.86,9.81,-31.61
132185879,1,0,2.74,11.114,10.106
132185879,2,0,2.94,-22.98,16.82
132185879,3,0,3.05,-23.6,-24.85
132336053,0,0,2.9,12.2,-29.32
132336053,1,0,2.75,13.72,10.4
132336053,2,0,2.94,-23.21,14.71
132336053,3,0,3.1,-22.4,-26.11
132485861,0,0,2.91,11.85,-28.52
132485891,1,0,2.73,14.23,11.5
132485891,2,0,2.91,-20.31,14.95
132485891,3,0,3.1,-23.36,-25.99
